Images,True Labels,Predictions,Predicted Probabilities
0,5,5,"[0.0002491371997166425, 0.00017200592264998704, 0.0360293984413147, 0.00022050240659154952, 0.07408611476421356, 0.8891754150390625, 6.747311999788508e-05]"
1,3,1,"[0.14162369072437286, 0.5969929695129395, 0.025018077343702316, 0.14072832465171814, 0.00819170381873846, 0.08273075520992279, 0.004714465234428644]"
2,4,2,"[0.021351097151637077, 0.010935399681329727, 0.7723919153213501, 0.009618716314435005, 0.07775653898715973, 0.10789909958839417, 4.727172927232459e-05]"
3,0,2,"[0.21560625731945038, 0.1550227552652359, 0.3161071836948395, 0.07977932691574097, 0.14238862693309784, 0.09061858803033829, 0.00047729365178383887]"
4,5,5,"[0.00045363037497736514, 0.0013734607491642237, 0.02660287171602249, 0.0005224695196375251, 0.266674667596817, 0.6974397301673889, 0.006933102384209633]"
5,5,5,"[7.761577580822632e-05, 0.00045267550740391016, 0.0029077050276100636, 0.0008728136890567839, 0.0006963929627090693, 0.9948742985725403, 0.0001185664877993986]"
6,5,5,"[0.00026859258650802076, 0.0012783228885382414, 0.10381858795881271, 0.0003371488128323108, 0.21789495646953583, 0.6706108450889587, 0.005791610572487116]"
7,4,5,"[0.011594000272452831, 0.009776849299669266, 0.04227173328399658, 0.0029741055332124233, 0.364547997713089, 0.568260669708252, 0.0005746715469285846]"
8,5,5,"[4.223809446557425e-05, 0.00014089117757976055, 0.0025016330182552338, 0.0002974904782604426, 0.0009756170329637825, 0.9960228204727173, 1.9297753169666976e-05]"
9,2,2,"[0.012288782745599747, 0.007595252711325884, 0.8082695603370667, 0.004085094202309847, 0.056119903922080994, 0.11157693713903427, 6.446096085710451e-05]"
10,1,1,"[0.21697571873664856, 0.4064338207244873, 0.1737160086631775, 0.05776134878396988, 0.03863901272416115, 0.1057875007390976, 0.0006865586037747562]"
11,5,5,"[3.43684914696496e-05, 0.0002552054065745324, 0.001989105250686407, 0.0005029123276472092, 0.0007188915042206645, 0.9963915944099426, 0.00010785269842017442]"
12,4,4,"[0.006239396054297686, 0.001867415732704103, 0.191305473446846, 0.0018253247253596783, 0.6381365060806274, 0.1603449583053589, 0.0002809168945532292]"
13,5,5,"[0.0001102569221984595, 0.0010087530827149749, 0.0017762157367542386, 0.0008178395801223814, 0.0006932433461770415, 0.9954350590705872, 0.00015863587032072246]"
14,5,5,"[0.00011252144031459466, 0.0004142439574934542, 0.08488187193870544, 0.0003280751407146454, 0.134200319647789, 0.7738252282142639, 0.006237795110791922]"
15,4,4,"[0.0016893139109015465, 0.0008364129462279379, 0.04372711479663849, 0.0008056560182012618, 0.6988042593002319, 0.25270575284957886, 0.0014314627042040229]"
16,4,4,"[0.0018957107095047832, 0.000524777511600405, 0.13581109046936035, 0.0006611853605136275, 0.5331648588180542, 0.32776933908462524, 0.00017311399278696626]"
17,2,2,"[0.0032534387428313494, 0.0023921143729239702, 0.5429202318191528, 0.0026559147518128157, 0.1540355235338211, 0.2946983873844147, 4.439967233338393e-05]"
18,5,5,"[4.124795668758452e-05, 9.806291927816346e-05, 0.0055866180919110775, 0.00018386990996077657, 0.0026661339215934277, 0.9914131164550781, 1.0948533599730581e-05]"
19,2,2,"[0.0013188966549932957, 0.0011152075603604317, 0.48571380972862244, 0.0006400031852535903, 0.15095682442188263, 0.36012038588523865, 0.00013479907647706568]"
20,5,2,"[0.0037101723719388247, 0.008779240772128105, 0.5821888446807861, 0.0012447916669771075, 0.07729575037956238, 0.32543686032295227, 0.0013443449279293418]"
21,5,4,"[0.0013239402323961258, 0.0007000504992902279, 0.17789311707019806, 0.0008232472464442253, 0.43641039729118347, 0.38255706429481506, 0.00029211846413090825]"
22,5,5,"[0.0001911402796395123, 0.0010427359957247972, 0.06600174307823181, 0.0003843387821689248, 0.017346961423754692, 0.91499924659729, 3.370385093148798e-05]"
23,5,5,"[2.7837555535370484e-05, 0.00015543223707936704, 0.0032204727176576853, 0.0002850462042260915, 0.000933352392166853, 0.9953376054763794, 4.030776472063735e-05]"
24,5,5,"[0.05219126120209694, 0.012921745888888836, 0.21184487640857697, 0.002858665306121111, 0.075974240899086, 0.6440768837928772, 0.00013234681682661176]"
25,5,5,"[0.00216745981015265, 0.001299290801398456, 0.12620018422603607, 0.001388782518915832, 0.11687834560871124, 0.751873254776001, 0.0001926376426126808]"
26,5,5,"[0.00011426099081290886, 0.0003088582307100296, 0.004020459018647671, 0.0008399221696890891, 0.0007656466914340854, 0.9939284324645996, 2.2388087018043734e-05]"
27,5,5,"[0.0024166787043213844, 0.0024530438240617514, 0.04562177509069443, 0.0008769357809796929, 0.2752367854118347, 0.6729932427406311, 0.0004015482554677874]"
28,5,5,"[2.7457313990453258e-05, 0.00011895912030013278, 0.003491072217002511, 0.00021325095440261066, 0.0012317853979766369, 0.9948863387107849, 3.116274092462845e-05]"
29,2,1,"[0.12418985366821289, 0.47394368052482605, 0.19068826735019684, 0.048567987978458405, 0.061994485557079315, 0.08092783391475677, 0.01968798041343689]"
30,5,5,"[7.563266262877733e-05, 0.0002380011137574911, 0.005469550844281912, 0.0008145336178131402, 0.000749793485738337, 0.9926322102546692, 2.02014998649247e-05]"
31,5,5,"[3.857889896607958e-05, 8.330945274792612e-05, 0.00512647395953536, 0.00018971481767948717, 0.0020612948574125767, 0.9924929738044739, 7.796032150508836e-06]"
32,4,4,"[0.10085324943065643, 0.03898824751377106, 0.3420730531215668, 0.017061429098248482, 0.3945271372795105, 0.10627078264951706, 0.00022615998750552535]"
33,5,2,"[0.014906310476362705, 0.004084150772541761, 0.5853284597396851, 0.0058479695580899715, 0.06638277322053909, 0.3234412968158722, 8.997832082968671e-06]"
34,2,2,"[0.03289090469479561, 0.03026544116437435, 0.8029199242591858, 0.01698407344520092, 0.02669706754386425, 0.09013595432043076, 0.00010658334940671921]"
35,2,4,"[0.08235405385494232, 0.06482691317796707, 0.22890828549861908, 0.028828848153352737, 0.41053441166877747, 0.18404123187065125, 0.0005062183481641114]"
36,2,2,"[0.03255533427000046, 0.0636734813451767, 0.6393283009529114, 0.03157960996031761, 0.030657878145575523, 0.20162883400917053, 0.0005765230744145811]"
37,5,5,"[7.752326928311959e-05, 0.00022362552408594638, 0.006494293455034494, 0.0010243132710456848, 0.0009113155538216233, 0.9912522435188293, 1.6725785826565698e-05]"
38,2,2,"[0.20192210376262665, 0.09308109432458878, 0.5172227025032043, 0.052304547280073166, 0.08488307148218155, 0.050253741443157196, 0.00033274650922976434]"
39,1,5,"[0.007609848398715258, 0.06954633444547653, 0.022959178313612938, 0.0065646399743855, 0.03783068805932999, 0.8543813824653625, 0.0011078284587711096]"
40,5,5,"[0.00039325153920799494, 0.0012224010424688458, 0.06476737558841705, 0.00037166819674894214, 0.1388576179742813, 0.7933645248413086, 0.0010231423657387495]"
41,5,4,"[0.0014213437680155039, 0.0013137235073372722, 0.01861696131527424, 0.00048540651914663613, 0.518973171710968, 0.45336586236953735, 0.005823498126119375]"
42,5,5,"[1.5067118511069566e-05, 6.072964970371686e-05, 0.010304538533091545, 0.00024030677741393447, 0.002434726571664214, 0.9868776202201843, 6.69266955810599e-05]"
43,5,5,"[2.384637809882406e-05, 9.698171925265342e-05, 0.005207641515880823, 0.00027748008142225444, 0.0018305566627532244, 0.9925404191017151, 2.3035332560539246e-05]"
44,5,5,"[8.01511196186766e-05, 0.0002969294728245586, 0.004284893628209829, 0.0009922642493620515, 0.000720249954611063, 0.993599534034729, 2.599033177830279e-05]"
45,1,2,"[0.05405159294605255, 0.14399783313274384, 0.39638885855674744, 0.018692463636398315, 0.07415438443422318, 0.3123869001865387, 0.00032792240381240845]"
46,5,5,"[7.298342097783461e-05, 0.0002809424477163702, 0.003687126561999321, 0.0007786695496179163, 0.0006975078140385449, 0.9944401979446411, 4.2652900447137654e-05]"
47,5,5,"[0.00047484709648415446, 0.003938053268939257, 0.0280293095856905, 0.00041548319859430194, 0.0928337499499321, 0.8687136173248291, 0.005595010239630938]"
48,5,5,"[0.0001659016706980765, 0.0005543213919736445, 0.009350798092782497, 0.0024250331334769726, 0.0008670628303661942, 0.9865949153900146, 4.205750519759022e-05]"
49,5,5,"[0.009302000515162945, 0.00772901251912117, 0.08358106762170792, 0.0030177149455994368, 0.17123962938785553, 0.725063681602478, 6.696616037515923e-05]"
50,5,5,"[0.00012492672249209136, 0.00021970868692733347, 0.004381407052278519, 0.0007490754942409694, 0.000971905596088618, 0.9935362339019775, 1.6674506696290337e-05]"
51,5,4,"[0.002186630619689822, 0.0023742690682411194, 0.03404882177710533, 0.0008846429409459233, 0.5456214547157288, 0.41177675127983093, 0.0031074462458491325]"
52,5,5,"[4.463838922674768e-05, 0.0002698581083677709, 0.0025240927934646606, 0.0008759393822401762, 0.0006745657883584499, 0.9955314993858337, 7.945633842609823e-05]"
53,5,5,"[0.007423464208841324, 0.007877211086452007, 0.12240277975797653, 0.003936932887881994, 0.01663411594927311, 0.8417184352874756, 6.986077551118797e-06]"
54,5,5,"[0.0007104470278136432, 0.0009768098825588822, 0.30133506655693054, 0.00037441414315253496, 0.15029656887054443, 0.5461004972457886, 0.00020620574650820345]"
55,2,4,"[0.001508617540821433, 0.0008544492302462459, 0.09172415733337402, 0.0009082177421078086, 0.5112775564193726, 0.39321449398994446, 0.0005124268354848027]"
56,3,2,"[0.18362295627593994, 0.1093575581908226, 0.24553066492080688, 0.04335332661867142, 0.19755680859088898, 0.2203359454870224, 0.00024266153923235834]"
57,2,2,"[0.1611718088388443, 0.06352211534976959, 0.4621768593788147, 0.04759793356060982, 0.18580207228660583, 0.07956326752901077, 0.00016600548406131566]"
58,5,5,"[2.7174848582944833e-05, 0.00018061457376461476, 0.0023791042622178793, 0.00038517898065038025, 0.000790541002061218, 0.9961642026901245, 7.310661021620035e-05]"
59,5,5,"[0.007611328735947609, 0.02506864070892334, 0.043085113167762756, 0.005770668387413025, 0.13747167587280273, 0.7776437401771545, 0.003348788246512413]"
60,5,5,"[9.066162601811811e-05, 0.0003074413980357349, 0.005865101702511311, 0.0011120204580947757, 0.0007111937156878412, 0.9918866753578186, 2.6883692044066265e-05]"
61,5,5,"[0.00021236331667751074, 0.0022183172404766083, 0.020093373954296112, 0.0004683819424826652, 0.1066511869430542, 0.8442220091819763, 0.026134364306926727]"
62,0,1,"[0.21706311404705048, 0.3699638545513153, 0.21432186663150787, 0.11359553784132004, 0.04150216281414032, 0.04138227552175522, 0.0021712121088057756]"
63,5,5,"[0.0003856559924315661, 0.003279054770246148, 0.06918559223413467, 0.0005366168334148824, 0.09206478297710419, 0.8327140212059021, 0.0018341569229960442]"
64,5,5,"[0.0004960857331752777, 0.0003583415236789733, 0.07379305362701416, 0.00027892820071429014, 0.2182091474533081, 0.7067539095878601, 0.00011050877947127447]"
65,5,5,"[0.025284815579652786, 0.20675703883171082, 0.04991278797388077, 0.011450694873929024, 0.06441512703895569, 0.6349048614501953, 0.007274702191352844]"
66,4,5,"[0.00151630153413862, 0.0010627589654177427, 0.1391974240541458, 0.00048372597666457295, 0.3189323842525482, 0.5386910438537598, 0.0001162882472272031]"
67,5,5,"[0.0001200248661916703, 0.0005503837019205093, 0.0314144603908062, 0.00036220214678905904, 0.2020532637834549, 0.7292648553848267, 0.036234885454177856]"
68,4,4,"[0.020493987947702408, 0.013856057077646255, 0.041728291660547256, 0.004085402470082045, 0.6418132185935974, 0.2767084836959839, 0.0013145109405741096]"
69,5,5,"[0.0001468529226258397, 0.003322015982121229, 0.011341585777699947, 0.0005051794578321278, 0.026421019807457924, 0.9423160552978516, 0.01594727300107479]"
70,5,5,"[0.00021892113727517426, 0.00022644804266747087, 0.017151637002825737, 0.0011140696005895734, 0.0016020310577005148, 0.9796812534332275, 5.704222530766856e-06]"
71,5,5,"[6.89890657668002e-05, 9.172205318463966e-05, 0.007939634844660759, 0.00020292896078899503, 0.0032989359460771084, 0.9883943796157837, 3.5154719171259785e-06]"
72,1,0,"[0.39765897393226624, 0.383587509393692, 0.07732626795768738, 0.11305949091911316, 0.0073219710029661655, 0.01977662928402424, 0.0012690576259046793]"
73,3,6,"[0.042494289577007294, 0.34554070234298706, 0.03289620950818062, 0.03621383011341095, 0.005719318520277739, 0.031485676765441895, 0.505649983882904]"
74,4,5,"[0.03934958204627037, 0.020953886210918427, 0.28745564818382263, 0.01758168265223503, 0.2612180709838867, 0.37332677841186523, 0.000114372385723982]"
75,5,5,"[9.399568807566538e-05, 0.00041296955896541476, 0.002781105460599065, 0.0007791186217218637, 0.0007426795200444758, 0.995096743106842, 9.334874630440027e-05]"
76,5,5,"[0.0005642035393975675, 0.0005426311399787664, 0.049220748245716095, 0.0005796074983663857, 0.12728556990623474, 0.8212104439735413, 0.0005968063487671316]"
77,4,4,"[0.010024961084127426, 0.003821775084361434, 0.09435377269983292, 0.0018727252027019858, 0.5775630474090576, 0.3119940459728241, 0.00036959853605367243]"
78,5,5,"[8.229828381445259e-05, 0.0003218907513655722, 0.0018928470090031624, 0.0008411413873545825, 0.0007352227112278342, 0.9960772395133972, 4.934966636938043e-05]"
79,5,5,"[7.377412839559838e-05, 0.00024928184575401247, 0.009177163243293762, 0.0019051127601414919, 0.0009379099938087165, 0.9876147508621216, 4.1983905248343945e-05]"
80,5,5,"[4.552954123937525e-05, 0.0001831583649618551, 0.004112210124731064, 0.00032859740895219147, 0.0009150158148258924, 0.9943951368331909, 2.0320654584793374e-05]"
81,5,5,"[0.0002905649598687887, 0.0007549785659648478, 0.08186645060777664, 0.0004278897540643811, 0.39775970578193665, 0.5114971399307251, 0.0074033369310200214]"
82,5,5,"[0.0002943343424703926, 0.0003421434375923127, 0.011266537941992283, 0.0013688766630366445, 0.0012820472475141287, 0.9854389429092407, 7.060787993395934e-06]"
83,5,1,"[0.33263078331947327, 0.3382037281990051, 0.212383434176445, 0.06727346032857895, 0.027712808921933174, 0.020152335986495018, 0.0016433628043159842]"
84,5,5,"[7.888388790888712e-05, 0.0001787464425433427, 0.009268651716411114, 0.0006778438691981137, 0.0010338161373510957, 0.9887523055076599, 9.820222658163402e-06]"
85,5,5,"[0.001496212324127555, 0.005547195207327604, 0.016147209331393242, 0.004163260105997324, 0.0011194891994819045, 0.9710993766784668, 0.00042728573316708207]"
86,4,4,"[0.0057967244647443295, 0.0021954241674393415, 0.13166329264640808, 0.0018353307386860251, 0.5746937394142151, 0.2835718095302582, 0.00024365863646380603]"
87,5,5,"[0.00042391035822220147, 0.00032941519748419523, 0.03356648236513138, 0.00029423399246297777, 0.4529276192188263, 0.5109968781471252, 0.0014614416286349297]"
88,5,5,"[2.790931648632977e-05, 0.0001099232686101459, 0.00222418294288218, 0.00034759024856612086, 0.0010075247846543789, 0.9962527751922607, 3.003836900461465e-05]"
89,5,4,"[0.003882358316332102, 0.008420770987868309, 0.06821676343679428, 0.001944947405718267, 0.5936256647109985, 0.3014468848705292, 0.02246263064444065]"
90,5,5,"[0.0005534275551326573, 0.0009622679208405316, 0.0984683632850647, 0.0004040090716443956, 0.12350048124790192, 0.7760108113288879, 0.00010063657828141004]"
91,5,5,"[2.8697990273940377e-05, 7.534474571002647e-05, 0.004648050758987665, 0.00019383590552024543, 0.002126791048794985, 0.9929047226905823, 2.2529522539116442e-05]"
92,1,2,"[0.022932779043912888, 0.03316040337085724, 0.7605245113372803, 0.015463377349078655, 0.012880641035735607, 0.15495531260967255, 8.29522978165187e-05]"
93,5,5,"[0.002479989780113101, 0.008440996520221233, 0.149968221783638, 0.001347048906609416, 0.2276366502046585, 0.6076054573059082, 0.0025217074435204268]"
94,5,4,"[0.019091099500656128, 0.011543482542037964, 0.08492498099803925, 0.00405103387311101, 0.5793443918228149, 0.30067503452301025, 0.00037003535544499755]"
95,5,5,"[0.0017876329366117716, 0.05510842427611351, 0.05489661544561386, 0.003945393953472376, 0.07940144091844559, 0.6189414858818054, 0.18591894209384918]"
96,4,5,"[0.00757403252646327, 0.008175154216587543, 0.02208685874938965, 0.0034594086464494467, 0.2998350262641907, 0.6581594944000244, 0.0007100259535945952]"
97,5,5,"[0.00035816343734040856, 0.0030103735625743866, 0.043617866933345795, 0.0004229985934216529, 0.015208004042506218, 0.9372565150260925, 0.00012608121323864907]"
98,5,5,"[0.17362113296985626, 0.21176660060882568, 0.10600845515727997, 0.040193986147642136, 0.15182656049728394, 0.3155713677406311, 0.0010119075886905193]"
99,5,5,"[2.0711768229375593e-05, 9.637411858420819e-05, 0.0045147850178182125, 0.0002610719238873571, 0.0015568864764645696, 0.9934759736061096, 7.42157717468217e-05]"
100,4,4,"[0.002897575730457902, 0.00394583772867918, 0.05861114710569382, 0.0008607256459072232, 0.6790869832038879, 0.24942488968372345, 0.005172814708203077]"
101,5,5,"[0.18648675084114075, 0.13425572216510773, 0.2740457057952881, 0.024833282455801964, 0.09300900995731354, 0.2872290313243866, 0.00014052828191779554]"
102,5,5,"[0.002586598973721266, 0.016984714195132256, 0.1018284261226654, 0.0015386063605546951, 0.18072129786014557, 0.6876028776168823, 0.008737451396882534]"
103,5,5,"[0.0003252204041928053, 0.0006661179941147566, 0.006491803098469973, 0.0021916271653026342, 0.0008444095146842301, 0.9894505143165588, 3.0275519748101942e-05]"
104,5,2,"[0.003972136415541172, 0.0029770787805318832, 0.7003442645072937, 0.003006068989634514, 0.06362807750701904, 0.2259681075811386, 0.00010425528307678178]"
105,2,5,"[0.002468897495418787, 0.002058906015008688, 0.2751617729663849, 0.0021241474896669388, 0.28513631224632263, 0.43290185928344727, 0.00014810741413384676]"
106,5,5,"[0.0001861622295109555, 0.0018022670410573483, 0.024333413690328598, 0.0006522111361846328, 0.12183550745248795, 0.7763832211494446, 0.07480720430612564]"
107,5,5,"[2.411990317341406e-05, 0.00014708620437886566, 0.004148805979639292, 0.0003846747858915478, 0.0009313499904237688, 0.9943348169326782, 2.9206161343608983e-05]"
108,5,4,"[0.0066731832921504974, 0.010406107641756535, 0.045143481343984604, 0.002259023953229189, 0.47408628463745117, 0.4588501751422882, 0.002581739565357566]"
109,5,5,"[0.0006265143165364861, 0.0009926339844241738, 0.016483603045344353, 0.00042628205846995115, 0.15006619691848755, 0.8308971524238586, 0.000507655437104404]"
110,5,5,"[2.8858305086032487e-05, 0.00014278317394200712, 0.0019002686021849513, 0.00019229561439715326, 0.0014920250978320837, 0.9961915016174316, 5.232855255599134e-05]"
111,3,1,"[0.3724167048931122, 0.44179224967956543, 0.04540412127971649, 0.09475638717412949, 0.008182987570762634, 0.036468297243118286, 0.0009792693890631199]"
112,5,5,"[7.21172327757813e-05, 0.00015935706323944032, 0.004517666529864073, 0.0003553677233867347, 0.0011414429172873497, 0.9937450289726257, 9.102393960347399e-06]"
113,5,4,"[0.0006235606269910932, 0.00047203662688843906, 0.01460559107363224, 0.00043649296276271343, 0.5947787761688232, 0.38357821106910706, 0.005505296867340803]"
114,1,1,"[0.16614003479480743, 0.5986272692680359, 0.049745772033929825, 0.05898715928196907, 0.0037275783251971006, 0.12004102021455765, 0.002731210784986615]"
115,5,5,"[0.0020016739144921303, 0.002574153011664748, 0.03457833454012871, 0.0019157625501975417, 0.0053163147531449795, 0.9536105990409851, 3.1819740797800478e-06]"
116,5,5,"[0.0004050192947033793, 0.0001329811057075858, 0.1299445778131485, 0.0007831163238734007, 0.04486910253763199, 0.8238525390625, 1.2662677363550756e-05]"
117,5,5,"[0.027672521770000458, 0.036761026829481125, 0.05003292113542557, 0.010334841907024384, 0.06179055944085121, 0.8131955862045288, 0.00021257629850879312]"
118,2,5,"[0.00031769421184435487, 0.0008355341269634664, 0.007075798697769642, 0.00342654250562191, 0.0008106171153485775, 0.9874745607376099, 5.9222620620857924e-05]"
119,5,5,"[0.0012088156072422862, 0.002921499079093337, 0.0037298628594726324, 0.009088893420994282, 0.0010800082236528397, 0.9816548824310303, 0.00031602976378053427]"
120,4,4,"[0.0166759230196476, 0.004342879168689251, 0.13456302881240845, 0.0015743684489279985, 0.7669885754585266, 0.07485858350992203, 0.00099657173268497]"
121,5,5,"[0.0002076093660434708, 0.0004641367995645851, 0.013165042735636234, 0.001329431775957346, 0.0009781239787116647, 0.9838435053825378, 1.219842306454666e-05]"
122,5,5,"[3.3554595574969426e-05, 0.00014581136929336935, 0.0024329782463610172, 0.00023816234897822142, 0.0012828886974602938, 0.995802104473114, 6.451689841924235e-05]"
123,5,5,"[1.5730787708889693e-05, 8.518066169926897e-05, 0.002568652154877782, 0.00021433111396618187, 0.0011937516974285245, 0.9958848357200623, 3.75449781131465e-05]"
124,5,5,"[9.006413165479898e-05, 0.00047535906196571887, 0.004177247639745474, 0.0012498395517468452, 0.0006406857282854617, 0.9933176040649414, 4.926694600726478e-05]"
125,4,5,"[0.00019195341155864298, 0.0019469686085358262, 0.025623289868235588, 0.00028777692932635546, 0.06215371564030647, 0.9075863361358643, 0.0022099632769823074]"
126,5,5,"[0.0013552199816331267, 0.007428294513374567, 0.02001085691154003, 0.004202852491289377, 0.0008066837326623499, 0.9659957885742188, 0.00020029969164170325]"
127,2,2,"[0.009808413684368134, 0.005464853718876839, 0.38384944200515747, 0.005221063736826181, 0.3368467688560486, 0.2587117552757263, 9.77377567323856e-05]"
128,4,4,"[0.060459211468696594, 0.02901664562523365, 0.15192441642284393, 0.0072002229280769825, 0.6184279918670654, 0.13192875683307648, 0.001042805379256606]"
129,5,5,"[9.55042996793054e-05, 0.000381341262254864, 0.0028818922583013773, 0.000791712838690728, 0.000714582740329206, 0.9951175451278687, 1.7319332982879132e-05]"
130,4,5,"[0.00048065438750199974, 0.0011218705913051963, 0.01578851044178009, 0.0004743248282466084, 0.35242581367492676, 0.6263632774353027, 0.0033454997465014458]"
131,2,4,"[0.002279907464981079, 0.0051010772585868835, 0.2548980116844177, 0.0011182446032762527, 0.5089313387870789, 0.2115224301815033, 0.016148991882801056]"
132,1,2,"[0.052347030490636826, 0.0616641603410244, 0.7768691778182983, 0.03385233134031296, 0.021291570737957954, 0.05373536795377731, 0.0002402966929366812]"
133,5,5,"[0.0009168960968963802, 0.0013986944686621428, 0.06809325516223907, 0.000895933888386935, 0.30911996960639954, 0.618108332157135, 0.0014668861404061317]"
134,5,5,"[0.00551247363910079, 0.023352092131972313, 0.03565011918544769, 0.0024383871350437403, 0.10965792834758759, 0.8221720457077026, 0.0012169411638751626]"
135,5,5,"[5.161744775250554e-05, 0.00023855763720348477, 0.0027315241750329733, 0.0005285916849970818, 0.0008476999355480075, 0.995536208152771, 6.579803448403254e-05]"
136,5,5,"[0.00011154596722917631, 0.00022331129002850503, 0.004718467127531767, 0.0006467460189014673, 0.0009706094861030579, 0.9933185577392578, 1.0779690455819946e-05]"
137,4,4,"[0.0030182020273059607, 0.0016424789791926742, 0.07537847757339478, 0.0010774671100080013, 0.6084088087081909, 0.3099896013736725, 0.0004850215627811849]"
138,5,5,"[0.00046704281703568995, 0.0008377718040719628, 0.02262001857161522, 0.00027596420841291547, 0.1491224765777588, 0.8260985016822815, 0.0005783090018667281]"
139,2,2,"[0.014293995685875416, 0.0018731553573161364, 0.642115592956543, 0.004987821448594332, 0.16220517456531525, 0.1745029091835022, 2.1323159671737812e-05]"
140,4,4,"[0.007259810343384743, 0.009343867190182209, 0.08727262169122696, 0.002870459109544754, 0.6160954236984253, 0.2616055905818939, 0.015552270226180553]"
141,5,5,"[5.7915727666113526e-05, 0.0002486942976247519, 0.00309737422503531, 0.0005429488373920321, 0.0007846059161238372, 0.9952284097671509, 4.015651575173251e-05]"
142,5,5,"[5.761577267549001e-05, 0.00033986030030064285, 0.0029649503994733095, 0.0010298974812030792, 0.0006353945354931056, 0.9949134588241577, 5.864886043127626e-05]"
143,2,5,"[0.0013198534725233912, 0.0011603605234995484, 0.40195754170417786, 0.0006606480455957353, 0.10445663332939148, 0.4904051721096039, 3.976230800617486e-05]"
144,5,5,"[8.38816340547055e-05, 0.0009861545404419303, 0.04186417534947395, 0.00022388198703993112, 0.03857354447245598, 0.9161560535430908, 0.0021122004836797714]"
145,2,2,"[0.048979658633470535, 0.016864141449332237, 0.7600807547569275, 0.0353226400911808, 0.07762795686721802, 0.061003971844911575, 0.00012086788774468005]"
146,5,5,"[0.005531832575798035, 0.004857615567743778, 0.020827030763030052, 0.0018431891221553087, 0.033424440771341324, 0.9334648251533508, 5.101227361592464e-05]"
147,5,5,"[0.00016864975623320788, 0.0001894056476885453, 0.0488014742732048, 0.0007429724209941924, 0.0041993241757154465, 0.9458915591239929, 6.604982445423957e-06]"
148,5,5,"[0.0007574015180580318, 0.0031701314728707075, 0.01927197352051735, 0.0012210379354655743, 0.2520725429058075, 0.6869586706161499, 0.03654831275343895]"
149,5,5,"[2.9094457204337232e-05, 0.00012744843843393028, 0.0027463568840175867, 0.00023582686844747514, 0.001031055930070579, 0.9957998394966125, 3.0306639018817805e-05]"
150,5,5,"[0.0012326054275035858, 0.0015423380536958575, 0.043661173433065414, 0.0009255281183868647, 0.26770883798599243, 0.68412846326828, 0.0008010369492694736]"
151,5,5,"[6.765079160686582e-05, 0.0003218270430807024, 0.003195489291101694, 0.0011243500048294663, 0.0007430656114593148, 0.9944498538970947, 9.774060890777037e-05]"
152,5,5,"[3.285727871116251e-05, 9.993203275371343e-05, 0.002595666330307722, 0.0002122682926710695, 0.0012996935984119773, 0.9957358837127686, 2.368844798184e-05]"
153,5,5,"[0.00010104173998115584, 0.00018035000539384782, 0.008696623146533966, 0.0005223472253419459, 0.0013494722079485655, 0.9891446232795715, 5.549203706323169e-06]"
154,4,5,"[0.0008684467175044119, 0.0027638704050332308, 0.0627196878194809, 0.00044614323996938765, 0.2710874676704407, 0.6539685726165771, 0.008145789615809917]"
155,5,5,"[0.0254228375852108, 0.009755049832165241, 0.09114500135183334, 0.010139274410903454, 0.005732988938689232, 0.8577897548675537, 1.512993094365811e-05]"
156,5,5,"[2.2789568902226165e-05, 7.076916517689824e-05, 0.002907550660893321, 0.00015847920440137386, 0.002023101318627596, 0.994763195514679, 5.41308727406431e-05]"
157,5,5,"[9.722349204821512e-05, 0.0006732969195581973, 0.04331348463892937, 0.000253676698775962, 0.10085651278495789, 0.8481165766716003, 0.006689304020255804]"
158,4,5,"[0.06871659308671951, 0.1209588274359703, 0.14614906907081604, 0.026454191654920578, 0.09946027398109436, 0.5380918979644775, 0.00016914324078243226]"
159,2,2,"[0.0286423172801733, 0.01646922342479229, 0.8314152956008911, 0.00672535877674818, 0.030409231781959534, 0.08626622706651688, 7.231056224554777e-05]"
160,5,5,"[4.7476496547460556e-05, 0.00018634249863680452, 0.002507838886231184, 0.00023513971245847642, 0.0010468364926055074, 0.9959463477134705, 2.9973394703119993e-05]"
161,1,1,"[0.05948247015476227, 0.6141650676727295, 0.02205895632505417, 0.023014064878225327, 0.03924548625946045, 0.1568460762500763, 0.08518783748149872]"
162,5,5,"[0.002029934199526906, 0.010281658731400967, 0.08246511965990067, 0.0009862449951469898, 0.37197646498680115, 0.3938424587249756, 0.13841809332370758]"
163,2,5,"[0.0013779987348243594, 0.0008006477728486061, 0.3177896738052368, 0.0013487881515175104, 0.2722952961921692, 0.4061603248119354, 0.00022721306595485657]"
164,5,5,"[0.1571514904499054, 0.13181495666503906, 0.17312091588974, 0.1265939474105835, 0.06171763315796852, 0.3492889106273651, 0.00031213770853355527]"
165,2,2,"[0.04091978818178177, 0.055734746158123016, 0.4283401370048523, 0.02543206885457039, 0.1477932184934616, 0.3016042113304138, 0.00017582981672603637]"
166,5,5,"[0.00011303200881229714, 0.00041568218148313463, 0.09643754363059998, 0.00023438964853994548, 0.09613792598247528, 0.8055670261383057, 0.0010943214874714613]"
167,5,4,"[0.000926653970964253, 0.00026159980916418135, 0.09710599482059479, 0.0006320467218756676, 0.5431947112083435, 0.3569232225418091, 0.0009557933080941439]"
168,0,2,"[0.3984041213989258, 0.08033084124326706, 0.4040398895740509, 0.06260236352682114, 0.02417570911347866, 0.030355211347341537, 9.187588875647634e-05]"
169,1,0,"[0.4157261550426483, 0.21579307317733765, 0.1213635802268982, 0.037055402994155884, 0.11419786512851715, 0.09548527747392654, 0.0003786587039940059]"
170,4,4,"[0.007761315908282995, 0.004704567603766918, 0.1742539405822754, 0.0019869781099259853, 0.4863169193267822, 0.3247653841972351, 0.0002108446933561936]"
171,5,5,"[0.007198473438620567, 0.0043891314417123795, 0.03679097071290016, 0.037360500544309616, 0.002896720776334405, 0.9112942218780518, 7.004640792729333e-05]"
172,5,5,"[0.0001630053302505985, 0.0011189786018803716, 0.004838881548494101, 0.0012181606143712997, 0.0007479615160264075, 0.9917512536048889, 0.0001617170637473464]"
173,5,5,"[3.093036139034666e-05, 0.00025152694433927536, 0.006553339771926403, 0.00044535071356222034, 0.001424911548383534, 0.991239607334137, 5.426015195553191e-05]"
174,5,5,"[7.963041571201757e-05, 0.00017838348867371678, 0.012451756745576859, 0.0006519206217490137, 0.0011843706015497446, 0.9854373931884766, 1.635522858123295e-05]"
175,6,5,"[0.006987261585891247, 0.018612204119563103, 0.02185366302728653, 0.0015547609655186534, 0.07241431623697281, 0.8773804306983948, 0.0011973060900345445]"
176,5,5,"[3.546845982782543e-05, 8.831758168525994e-05, 0.003865955863147974, 0.00021149383974261582, 0.001301611540839076, 0.994478702545166, 1.8461454601492733e-05]"
177,4,4,"[0.006451138760894537, 0.003503563813865185, 0.11660619080066681, 0.0015814617509022355, 0.505250871181488, 0.3663904368877411, 0.00021634135919157416]"
178,2,2,"[0.024137698113918304, 0.05371783301234245, 0.6703276634216309, 0.008245548233389854, 0.09246504306793213, 0.14696773886680603, 0.004138390999287367]"
179,1,2,"[0.03362447768449783, 0.016435643658041954, 0.5467290282249451, 0.006133670452982187, 0.2731015384197235, 0.12377611547708511, 0.00019957635959144682]"
180,5,5,"[7.248047040775418e-05, 0.00019797938875854015, 0.007340825628489256, 0.0008494920330122113, 0.0008820259827189147, 0.9906444549560547, 1.2784427781298291e-05]"
181,5,5,"[2.970359128084965e-05, 0.00013802557077724487, 0.002063812455162406, 0.0002769678831100464, 0.0009213967714458704, 0.9965131878852844, 5.67970382689964e-05]"
182,2,0,"[0.292512983083725, 0.1094643771648407, 0.13702963292598724, 0.16498145461082458, 0.017728658393025398, 0.2781502306461334, 0.00013269548071548343]"
183,5,5,"[0.02751648984849453, 0.26537078619003296, 0.01819138042628765, 0.03807053342461586, 0.0029461742378771305, 0.6454969644546509, 0.0024075964465737343]"
184,5,5,"[0.00010892538557527587, 0.00044632965000346303, 0.002238198881968856, 0.001159374718554318, 0.0006698929355479777, 0.9953283071517944, 4.8901187255978584e-05]"
185,5,5,"[0.0005653323605656624, 0.0006756669608876109, 0.3673307001590729, 0.0004909274284727871, 0.08287462592124939, 0.5479658842086792, 9.688072168501094e-05]"
186,5,5,"[0.0001305292680626735, 0.00010846724035218358, 0.04760951176285744, 0.0009909013751894236, 0.004801335744559765, 0.9463489055633545, 1.038858863466885e-05]"
187,2,0,"[0.3897550106048584, 0.14733469486236572, 0.2877858579158783, 0.0881354883313179, 0.045313138514757156, 0.04144847020506859, 0.0002273073623655364]"
188,2,5,"[0.012549933046102524, 0.06175381317734718, 0.34121158719062805, 0.01590161770582199, 0.026501120999455452, 0.541795015335083, 0.0002868780866265297]"
189,0,4,"[0.1437516212463379, 0.08690576255321503, 0.2564356029033661, 0.05684323236346245, 0.39630910754203796, 0.057656701654195786, 0.0020979817491024733]"
190,5,5,"[0.00013263867003843188, 0.000549120653886348, 0.004123168531805277, 0.0015977139119058847, 0.0005941343843005598, 0.992967963218689, 3.520196696626954e-05]"
191,4,5,"[0.000666509207803756, 0.001429412979632616, 0.03976006805896759, 0.0004735457187052816, 0.31936848163604736, 0.6322668194770813, 0.006035094615072012]"
192,2,2,"[0.049858998507261276, 0.03457831218838692, 0.5522028803825378, 0.0054133119992911816, 0.2591060698032379, 0.09835418313741684, 0.0004862576606683433]"
193,5,5,"[0.0005058756214566529, 0.001058157067745924, 0.0156139200553298, 0.0004726460319943726, 0.11918139457702637, 0.8614771366119385, 0.001690876903012395]"
194,4,4,"[0.014321407303214073, 0.01071211788803339, 0.2556300163269043, 0.002764322329312563, 0.3711358308792114, 0.34526771306991577, 0.0001686622854322195]"
195,5,2,"[0.2060544639825821, 0.2850310504436493, 0.29915884137153625, 0.08624671399593353, 0.018108658492565155, 0.10501132905483246, 0.00038894894532859325]"
196,5,5,"[0.05857903137803078, 0.01689777709543705, 0.10030100494623184, 0.17120647430419922, 0.00807909481227398, 0.6447851061820984, 0.00015151113620959222]"
197,5,5,"[0.0013192349579185247, 0.002954640658572316, 0.30530667304992676, 0.0009113049600273371, 0.06076571345329285, 0.6286898255348206, 5.259134923107922e-05]"
198,5,5,"[3.055063643842004e-05, 0.00014336688036564738, 0.002515331143513322, 0.0003937394649256021, 0.0008324846858158708, 0.996034562587738, 5.008494918001816e-05]"
199,0,1,"[0.08802597224712372, 0.4925662875175476, 0.12927745282649994, 0.03672558069229126, 0.07800609618425369, 0.08504409343004227, 0.09035447239875793]"
200,5,5,"[0.00015081180026754737, 0.002021211665123701, 0.026488756760954857, 0.0003581805794965476, 0.0874476507306099, 0.8556526303291321, 0.027880758047103882]"
201,5,5,"[0.0003078134323004633, 0.001263367012143135, 0.10407613962888718, 0.0002529378398321569, 0.08656284213066101, 0.8071153163909912, 0.00042149092769250274]"
202,5,1,"[0.021269449964165688, 0.5985252857208252, 0.029640723019838333, 0.03126111999154091, 0.007767136208713055, 0.2554718255996704, 0.056064505130052567]"
203,5,5,"[0.0012223555240780115, 0.002214739564806223, 0.10502853244543076, 0.00047550498857162893, 0.18909770250320435, 0.7016462683677673, 0.00031479328754357994]"
204,2,5,"[5.2816656534560025e-05, 0.00019089534180238843, 0.008490476757287979, 0.0001550824526930228, 0.016842953860759735, 0.9735857844352722, 0.0006819731206633151]"
205,5,5,"[4.281750079826452e-05, 0.00022348473430611193, 0.0030894512310624123, 0.00038879350177012384, 0.0008803126402199268, 0.9952994585037231, 7.562211249023676e-05]"
206,5,5,"[0.008768155239522457, 0.03377840667963028, 0.10475899279117584, 0.005961463786661625, 0.2210603952407837, 0.6208041310310364, 0.004868571180850267]"
207,5,5,"[3.777749225264415e-05, 0.00013132982712704688, 0.0040815165266394615, 0.00048778808559291065, 0.0009347166633233428, 0.9943121671676636, 1.4698503036925104e-05]"
208,5,5,"[6.81648962199688e-05, 0.00014362602087203413, 0.006186000537127256, 0.0003667552082333714, 0.0012200023047626019, 0.992009162902832, 6.262464921746869e-06]"
209,4,6,"[0.0035921954549849033, 0.01748844049870968, 0.04621812328696251, 0.0012567671947181225, 0.21976523101329803, 0.13099834322929382, 0.5806809067726135]"
210,4,5,"[0.0009023105958476663, 0.0034354175440967083, 0.03176657855510712, 0.0011295232689008117, 0.23533155024051666, 0.6972499489784241, 0.03018471784889698]"
211,5,4,"[0.034625403583049774, 0.03426859900355339, 0.07210388779640198, 0.01242460310459137, 0.4564788043498993, 0.38869625329971313, 0.0014024183619767427]"
212,5,5,"[0.00030481276917271316, 0.0005263742059469223, 0.00622588163241744, 0.0010625903960317373, 0.0018283386016264558, 0.9900466799736023, 5.413345661509084e-06]"
213,5,5,"[0.0006605748203583062, 0.0007686783210374415, 0.07709559053182602, 0.003731249365955591, 0.005284447222948074, 0.912437379360199, 2.2008891392033547e-05]"
214,1,1,"[0.18651573359966278, 0.6859888434410095, 0.03929794207215309, 0.03936590254306793, 0.00909111276268959, 0.028561899438500404, 0.011178459040820599]"
215,0,4,"[0.1584327667951584, 0.15904128551483154, 0.21541829407215118, 0.029905833303928375, 0.22084875404834747, 0.21567632257938385, 0.0006767261074855924]"
216,5,5,"[0.00015230695134960115, 0.0013549153227359056, 0.024679746478796005, 0.0005841072415933013, 0.1802395135164261, 0.5099474787712097, 0.28304192423820496]"
217,5,5,"[0.008867472410202026, 0.0038803170900791883, 0.096892811357975, 0.016756538301706314, 0.0040407427586615086, 0.869550347328186, 1.1825481124105863e-05]"
218,6,5,"[0.010668846778571606, 0.28923025727272034, 0.047978680580854416, 0.03080597147345543, 0.04359785094857216, 0.43485942482948303, 0.14285901188850403]"
219,5,5,"[7.779004226904362e-05, 0.0004383506893645972, 0.0024963433388620615, 0.00023099831014405936, 0.0013551495503634214, 0.9950723052024841, 0.00032910509617067873]"
220,5,5,"[0.0003990798140875995, 0.0012436019023880363, 0.07498089969158173, 0.00030935733229853213, 0.2136242538690567, 0.7081493139266968, 0.0012934465194121003]"
221,2,2,"[0.005028233863413334, 0.006974566727876663, 0.6121861338615417, 0.0023136725649237633, 0.06964262574911118, 0.30369675159454346, 0.00015796354273334146]"
222,2,2,"[0.001670008059591055, 0.0014785618986934423, 0.4448036551475525, 0.0009186897659674287, 0.14551246166229248, 0.40555906295776367, 5.7535628002369776e-05]"
223,5,5,"[0.00010241676500299945, 0.00024483134620822966, 0.006382593419402838, 0.0008982904255390167, 0.0009202787769027054, 0.9914360642433167, 1.5475423424504697e-05]"
224,5,5,"[0.00018024456221610308, 0.000797258282545954, 0.00461329473182559, 0.0013305763714015484, 0.0006820241105742753, 0.9923804998397827, 1.620260445633903e-05]"
225,5,5,"[0.00010878803732339293, 0.0003260255034547299, 0.006471306551247835, 0.0014920193934813142, 0.0008038876112550497, 0.9907626509666443, 3.53199866367504e-05]"
226,5,5,"[0.0002064151194645092, 0.0004964961553923786, 0.010164348408579826, 0.0020722192712128162, 0.0008305148803628981, 0.9862040281295776, 2.6062092729262076e-05]"
227,5,2,"[0.06535589694976807, 0.032239045947790146, 0.4217376410961151, 0.01826389506459236, 0.3526856601238251, 0.10911358892917633, 0.0006041884771548212]"
228,5,5,"[0.008268168196082115, 0.00290953041985631, 0.08690357953310013, 0.003862645011395216, 0.03144024685025215, 0.8666114211082458, 4.270075351087144e-06]"
229,5,4,"[0.0010526386322453618, 0.0009473969112150371, 0.03371033817529678, 0.0007316009141504765, 0.7298876643180847, 0.11984847486019135, 0.1138218566775322]"
230,5,5,"[0.00017488980665802956, 0.0003937547153327614, 0.07864070683717728, 0.0002216246211901307, 0.19648908078670502, 0.7219409346580505, 0.0021390330512076616]"
231,5,5,"[7.065824320307001e-05, 0.0003849927452392876, 0.003404275979846716, 0.000958368880674243, 0.0006513152038678527, 0.9944360256195068, 9.432061779079959e-05]"
232,5,5,"[0.00013227280578576028, 0.0006656504119746387, 0.005787610542029142, 0.0017362136859446764, 0.0006611995049752295, 0.9909648895263672, 5.217855505179614e-05]"
233,5,4,"[0.0010263087460771203, 0.0009474558173678815, 0.05153343454003334, 0.0006653402233496308, 0.5551904439926147, 0.3898211419582367, 0.0008158988784998655]"
234,4,2,"[0.019588466733694077, 0.010524404235184193, 0.600342869758606, 0.006175654008984566, 0.17182274162769318, 0.19148367643356323, 6.221799412742257e-05]"
235,2,2,"[0.028307408094406128, 0.018563322722911835, 0.6387075781822205, 0.008493248373270035, 0.14523129165172577, 0.16059476137161255, 0.00010231777559965849]"
236,5,5,"[9.276386845158413e-05, 0.0002127858024323359, 0.006378714926540852, 0.0007832429255358875, 0.0009519332670606673, 0.9915685057640076, 1.2132803021813743e-05]"
237,4,5,"[0.0033866644371300936, 0.0007163127884268761, 0.2472279667854309, 0.002287069335579872, 0.3006775677204132, 0.44567418098449707, 3.0176071959431283e-05]"
238,5,5,"[0.0027951498050242662, 0.024306239560246468, 0.03232832998037338, 0.0026595029048621655, 0.013717575930058956, 0.923095703125, 0.0010975588811561465]"
239,5,5,"[2.3703374608885497e-05, 0.00016248878091573715, 0.0035808777902275324, 0.00041755870915949345, 0.0008253907435573637, 0.9949284791946411, 6.146720988908783e-05]"
240,5,5,"[6.993741408223286e-05, 0.00028862935141660273, 0.0035405233502388, 0.0006816350505687296, 0.0007249797927215695, 0.9946551322937012, 3.9211470721056685e-05]"
241,5,5,"[8.073807111941278e-05, 0.0003064975899178535, 0.004030118230730295, 0.0012087461072951555, 0.000683930644299835, 0.9936363697052002, 5.3509491408476606e-05]"
242,4,4,"[0.0003723656409420073, 0.0005656225839629769, 0.06516680121421814, 0.0004523772222455591, 0.5448487401008606, 0.35070881247520447, 0.03788525611162186]"
243,5,5,"[7.231104245875031e-05, 0.0001372758997604251, 0.013726184144616127, 0.0005573232192546129, 0.0013254040386527777, 0.9841704368591309, 1.1197675121366046e-05]"
244,0,0,"[0.3102026581764221, 0.12029869854450226, 0.1822890043258667, 0.06608378142118454, 0.11580660194158554, 0.20516429841518402, 0.00015502353198826313]"
245,5,5,"[1.6255047739832662e-05, 0.00011101775453425944, 0.0021327973809093237, 0.0002581387525424361, 0.000970067863818258, 0.996441662311554, 7.00799428159371e-05]"
246,5,5,"[0.0001195372169604525, 0.00019786189659498632, 0.016942419111728668, 0.0007043975638225675, 0.0016205213032662868, 0.9804080724716187, 7.1476169978268445e-06]"
247,5,5,"[5.532127033802681e-05, 0.00031829604995436966, 0.0021877221297472715, 0.00044788463856093585, 0.000841973815113306, 0.9961258769035339, 2.292507815582212e-05]"
248,4,2,"[0.1779332011938095, 0.12974172830581665, 0.4580598771572113, 0.03064659796655178, 0.13025619089603424, 0.07286972552537918, 0.000492747756652534]"
249,1,5,"[0.09338907897472382, 0.038202643394470215, 0.12726126611232758, 0.01011979766190052, 0.17606878280639648, 0.554817259311676, 0.00014119518164079636]"
250,5,5,"[0.0032297433353960514, 0.004537508357316256, 0.024959169328212738, 0.0009247343987226486, 0.2882985770702362, 0.6630809307098389, 0.014969323761761189]"
251,2,5,"[0.2886054813861847, 0.0827806293964386, 0.179754376411438, 0.1313750296831131, 0.026305606588721275, 0.29111555218696594, 6.33622330497019e-05]"
252,5,5,"[0.0001325702469330281, 0.0004478856862988323, 0.0029546094592660666, 0.000713706889655441, 0.0007575544877909124, 0.9949471354484558, 4.669684494729154e-05]"
253,5,5,"[5.5042935855453834e-05, 0.00036330867442302406, 0.002365612657740712, 0.0006030238582752645, 0.000741059600841254, 0.9957355260848999, 0.0001364437339361757]"
254,5,5,"[0.0003235321491956711, 0.0010910476557910442, 0.1042177751660347, 0.0003048063663300127, 0.20883652567863464, 0.6822828054428101, 0.00294348387978971]"
255,4,5,"[0.019889142364263535, 0.006920984946191311, 0.07018021494150162, 0.0020588827319443226, 0.22145433723926544, 0.6794102787971497, 8.6140280473046e-05]"
256,5,5,"[4.9698046495905146e-05, 0.0002476596273481846, 0.0025991410948336124, 0.0007684105075895786, 0.0006878938875161111, 0.9955847859382629, 6.249632860999554e-05]"
257,5,5,"[3.221868973923847e-05, 3.7012672692071646e-05, 0.013966374099254608, 0.00011952339991694316, 0.014072262682020664, 0.9717304706573486, 4.2061099520651624e-05]"
258,5,5,"[3.842074875137769e-05, 0.00030314072500914335, 0.0023249785881489515, 0.0007858111057430506, 0.0008056334918364882, 0.9955706000328064, 0.00017152377404272556]"
259,2,2,"[0.005817824974656105, 0.0050818040035665035, 0.8272302746772766, 0.006240543443709612, 0.035409215837717056, 0.12016955018043518, 5.082269126432948e-05]"
260,5,5,"[2.2381664166459814e-05, 0.0001670339988777414, 0.001443206798285246, 0.00021420321718323976, 0.00119325693231076, 0.9967867136001587, 0.00017310002294834703]"
261,1,1,"[0.08832281827926636, 0.2610389292240143, 0.20859093964099884, 0.04397964850068092, 0.1919410228729248, 0.19638501107692719, 0.009741626679897308]"
262,4,4,"[0.00885055586695671, 0.004827798809856176, 0.032886773347854614, 0.0014970892807468772, 0.733832061290741, 0.21543827652931213, 0.002667468274012208]"
263,2,5,"[0.00044902865192852914, 0.00391056714579463, 0.03955359384417534, 0.0005375568871386349, 0.0870048999786377, 0.8632342219352722, 0.005310117267072201]"
264,5,2,"[0.08336330205202103, 0.08851002901792526, 0.680407702922821, 0.03583675995469093, 0.026901189237833023, 0.08482707291841507, 0.00015383079880848527]"
265,5,5,"[0.00031278847018256783, 0.002626001136377454, 0.06720338761806488, 0.0003413015801925212, 0.04103907570242882, 0.887879490852356, 0.0005979250418022275]"
266,4,4,"[0.0005572730442509055, 0.0012385263107717037, 0.040585462003946304, 0.0004221552226226777, 0.4806448519229889, 0.46833544969558716, 0.008216235786676407]"
267,5,5,"[2.5179386284435168e-05, 0.0001815871219150722, 0.0017703481717035174, 0.0002063596184598282, 0.001292346278205514, 0.996454119682312, 7.006257510511205e-05]"
268,5,5,"[4.297691702959128e-05, 0.00018609200196806341, 0.003061052644625306, 0.0004228643956594169, 0.000791598460637033, 0.9954558610916138, 3.968249438912608e-05]"
269,0,0,"[0.49204352498054504, 0.1371515840291977, 0.14057406783103943, 0.07943994551897049, 0.08115097135305405, 0.06945493072271347, 0.00018498620192985982]"
270,5,5,"[8.845364936860278e-05, 0.00034669137676246464, 0.004720399156212807, 0.0010004499927163124, 0.0006574316648766398, 0.9931492209434509, 3.738468512892723e-05]"
271,5,5,"[7.08061852492392e-05, 0.00044557187356986105, 0.001182275009341538, 0.0004989632871001959, 0.0009110437240451574, 0.9966112971305847, 0.00028010798268951476]"
272,5,5,"[0.00032276861020363867, 0.0010442017810419202, 0.005748635623604059, 0.00031207999563775957, 0.051041074097156525, 0.9404656887054443, 0.001065469696186483]"
273,1,5,"[0.013046718202531338, 0.015440628863871098, 0.08251626044511795, 0.006738640833646059, 0.2594892978668213, 0.6224751472473145, 0.00029335077852010727]"
274,5,5,"[7.15395508450456e-05, 0.00018870104395318776, 0.005868402775377035, 0.00042316498002037406, 0.0011169025674462318, 0.9923223853111267, 8.988645276986063e-06]"
275,5,5,"[0.0003767039452213794, 0.000511980033479631, 0.16100247204303741, 0.00037369452184066176, 0.3772745430469513, 0.4572533965110779, 0.0032071038149297237]"
276,4,5,"[0.0007150261662900448, 0.000634136376902461, 0.026361145079135895, 0.0005669527454301715, 0.48361852765083313, 0.4850338399410248, 0.0030704543460160494]"
277,5,5,"[0.00020628799393307418, 0.0008268204401247203, 0.031218023970723152, 0.0004430025874171406, 0.35191044211387634, 0.4962131977081299, 0.11918219923973083]"
278,5,5,"[0.06857652962207794, 0.03049468621611595, 0.1328258514404297, 0.011541632935404778, 0.20068079233169556, 0.5558008551597595, 7.966764678712934e-05]"
279,5,5,"[2.1513218598556705e-05, 0.00011358405026840046, 0.002414667047560215, 0.0001697527914075181, 0.001452361699193716, 0.995784342288971, 4.373371120891534e-05]"
280,5,5,"[2.6262168830726296e-05, 7.990271842572838e-05, 0.00407808693125844, 0.00015660581993870437, 0.001978177111595869, 0.9936603903770447, 2.0519813915598206e-05]"
281,5,5,"[0.0059688095934689045, 0.004461553879082203, 0.3042171001434326, 0.00228037778288126, 0.33080175518989563, 0.3519400656223297, 0.0003304002166260034]"
282,5,5,"[3.6962439480703324e-05, 0.0002040182880591601, 0.003324574325233698, 0.00024210331321228296, 0.0011880844831466675, 0.9949840307235718, 2.0261610188754275e-05]"
283,5,5,"[0.000213570412597619, 0.00036442463169805706, 0.007806440349668264, 0.0015097191790118814, 0.0009493593242950737, 0.9891424775123596, 1.402805901307147e-05]"
284,5,5,"[0.0015250477008521557, 0.0008817792986519635, 0.35485899448394775, 0.0009930547093972564, 0.1878228336572647, 0.4538732171058655, 4.5021915866527706e-05]"
285,4,5,"[0.00027628117823041975, 0.0016230971086770296, 0.026506204158067703, 0.0003138945030514151, 0.06609578430652618, 0.9040507078170776, 0.0011339728953316808]"
286,6,6,"[0.01344172190874815, 0.22194582223892212, 0.09765459597110748, 0.015700094401836395, 0.02978973463177681, 0.08835241198539734, 0.533115565776825]"
287,5,5,"[0.00036371219903230667, 0.00017475683125667274, 0.05821196734905243, 0.0010681162821128964, 0.005728323943912983, 0.9344493746757507, 3.686668833324802e-06]"
288,4,5,"[0.0007814819109626114, 0.0020429661963135004, 0.013834024779498577, 0.000599792692810297, 0.11453589051961899, 0.8660134673118591, 0.002192355692386627]"
289,5,5,"[4.0460217860527337e-05, 4.6083532652119175e-05, 0.012865983881056309, 0.00018051346705760807, 0.004395925439894199, 0.9824556112289429, 1.5473944586119615e-05]"
290,4,5,"[0.0002476171648595482, 0.0004208969767205417, 0.0568070225417614, 0.0002959434932563454, 0.2574315369129181, 0.6831927299499512, 0.0016041683265939355]"
291,5,5,"[0.0007577478536404669, 0.009281792677938938, 0.006550579331815243, 0.0014950694749131799, 0.030016139149665833, 0.9394088387489319, 0.012489915825426579]"
292,5,5,"[0.00016874249558895826, 0.00025021572946570814, 0.01091590616852045, 0.00041089431033469737, 0.0044252909719944, 0.9838234186172485, 5.5105833780544344e-06]"
293,1,1,"[0.05791652575135231, 0.7855424880981445, 0.015632787719368935, 0.057869814336299896, 0.0032854322344064713, 0.032911110669374466, 0.04684184119105339]"
294,2,0,"[0.4956274628639221, 0.16870146989822388, 0.17089416086673737, 0.12752576172351837, 0.017023291438817978, 0.01917092129588127, 0.001056946231983602]"
295,5,5,"[0.00014927353186067194, 0.0006841449649073184, 0.00455067353323102, 0.0013378503499552608, 0.0007498092600144446, 0.9924227595329285, 0.00010549403668846935]"
296,2,5,"[0.011053535155951977, 0.008775382302701473, 0.10991299152374268, 0.002432142151519656, 0.28101593255996704, 0.5865709781646729, 0.00023904182307887822]"
297,0,5,"[0.04995252937078476, 0.03768278285861015, 0.09480246156454086, 0.008499110117554665, 0.3953411877155304, 0.412993848323822, 0.0007281492580659688]"
298,5,5,"[0.09593275189399719, 0.07878334075212479, 0.32504531741142273, 0.013637910597026348, 0.021891171112656593, 0.4646530747413635, 5.637636422761716e-05]"
299,5,5,"[0.0002450323663651943, 0.0007902698707766831, 0.03290911018848419, 0.0003747795708477497, 0.40287598967552185, 0.5178520083427429, 0.04495285823941231]"
300,2,4,"[0.00748451566323638, 0.0035883868113160133, 0.1504899561405182, 0.0018911182414740324, 0.42146626114845276, 0.4149969220161438, 8.281858026748523e-05]"
301,5,5,"[6.864116585347801e-05, 0.00012875130050815642, 0.007645147852599621, 0.00045802840031683445, 0.0012244106037542224, 0.9904682040214539, 6.946302619326161e-06]"
302,1,5,"[0.06435737758874893, 0.33737966418266296, 0.08731617778539658, 0.05743343383073807, 0.061877697706222534, 0.3901938796043396, 0.0014417690690606833]"
303,5,5,"[0.0006171478889882565, 0.00027063643210567534, 0.05839330330491066, 0.0015501504531130195, 0.004639613442122936, 0.9345260858535767, 3.053087539228727e-06]"
304,2,2,"[0.16315774619579315, 0.08519190549850464, 0.6139151453971863, 0.04054617881774902, 0.05063195526599884, 0.04626258462667465, 0.0002945822780020535]"
305,5,1,"[0.08381377905607224, 0.4060339331626892, 0.04310380294919014, 0.04524409398436546, 0.11735338717699051, 0.28447553515434265, 0.019975436851382256]"
306,5,5,"[0.0018616741290315986, 0.0031800095457583666, 0.009642316959798336, 0.014002828858792782, 0.00126034882850945, 0.9699259400367737, 0.00012688833521679044]"
307,5,5,"[3.304024721728638e-05, 0.00029112002812325954, 0.0013139121001586318, 0.0003474813129287213, 0.0009219165076501667, 0.9969283938407898, 0.00016409301315434277]"
308,5,5,"[0.0016460607293993235, 0.0008123635197989643, 0.3183342516422272, 0.0012360989348962903, 0.24620705842971802, 0.4316757321357727, 8.836671622702852e-05]"
309,5,5,"[0.00035984962596558034, 0.005460214801132679, 0.03162480518221855, 0.0008183514582924545, 0.06867869943380356, 0.8839005827903748, 0.009157391265034676]"
310,4,5,"[0.00016336874978151172, 0.0008580417488701642, 0.026263844221830368, 0.0004483393859118223, 0.17236286401748657, 0.7481715083122253, 0.051732033491134644]"
311,5,5,"[0.002909874077886343, 0.015980318188667297, 0.05564232915639877, 0.002792804967612028, 0.33206048607826233, 0.5758309960365295, 0.014783214777708054]"
312,0,1,"[0.2519833445549011, 0.33186209201812744, 0.06601404398679733, 0.034023500978946686, 0.12829838693141937, 0.18586432933807373, 0.001954298932105303]"
313,5,5,"[0.00037521860213018954, 0.0007312442176043987, 0.03397525101900101, 0.00039915728848427534, 0.4328784644603729, 0.5285842418670654, 0.003056323854252696]"
314,5,5,"[0.00047867652028799057, 0.007580551318824291, 0.008887069299817085, 0.0020372711587697268, 0.0015480024740099907, 0.974425196647644, 0.005043320823460817]"
315,1,2,"[0.004135258961468935, 0.0023784167133271694, 0.7734881639480591, 0.005388393998146057, 0.04622140899300575, 0.1683511584997177, 3.726394061231986e-05]"
316,2,0,"[0.2970714867115021, 0.2819221317768097, 0.11724754422903061, 0.05305211618542671, 0.16577135026454926, 0.08336815237998962, 0.0015672050649300218]"
317,5,5,"[0.0002699285978451371, 0.0009525656350888312, 0.0031473739072680473, 0.002605035435408354, 0.0006635276367887855, 0.9922583699226379, 0.00010317203850718215]"
318,5,2,"[0.018576452508568764, 0.05140097066760063, 0.481286883354187, 0.004899114836007357, 0.18952803313732147, 0.2522747814655304, 0.0020337982568889856]"
319,5,4,"[0.022808298468589783, 0.005354981869459152, 0.33409157395362854, 0.005262328777462244, 0.48983708024024963, 0.14254379272460938, 0.00010188586020376533]"
320,5,5,"[4.9165075324708596e-05, 0.0003116320294793695, 0.002621292369440198, 0.0006759038078598678, 0.0006920135929249227, 0.995564877986908, 8.50938813528046e-05]"
321,4,4,"[0.003869155189022422, 0.0013060927158221602, 0.37075790762901306, 0.0016787949716672301, 0.3787360191345215, 0.24357540905475616, 7.657720561837777e-05]"
322,5,5,"[0.0008174092508852482, 0.0008899041567929089, 0.022146232426166534, 0.002214314416050911, 0.001992657780647278, 0.9719351530075073, 4.3463414840516634e-06]"
323,2,2,"[0.17479301989078522, 0.15073354542255402, 0.2877391576766968, 0.03442235291004181, 0.259634405374527, 0.09124123305082321, 0.0014362706569954753]"
324,5,1,"[0.07033402472734451, 0.36717090010643005, 0.1902133971452713, 0.01974380761384964, 0.02082856558263302, 0.3304228186607361, 0.0012864662567153573]"
325,4,5,"[0.0009498632280156016, 0.0019465928198769689, 0.2953614592552185, 0.00041251518996432424, 0.133360356092453, 0.5674879550933838, 0.00048124033492058516]"
326,5,5,"[3.951542021241039e-05, 0.0001632664498174563, 0.003329881466925144, 0.00014063996786717325, 0.0022484322544187307, 0.9940365552902222, 4.160692697041668e-05]"
327,5,5,"[2.82858654827578e-05, 0.00011260373139521107, 0.003133088117465377, 0.0002585990005172789, 0.001019180053845048, 0.9954166412353516, 3.163003202644177e-05]"
328,2,2,"[0.008795822970569134, 0.005044264253228903, 0.7844664454460144, 0.004487043712288141, 0.06569929420948029, 0.1314532607793808, 5.39104403287638e-05]"
329,2,2,"[0.009109562262892723, 0.007940218783915043, 0.8564428091049194, 0.008031843230128288, 0.03312719985842705, 0.08528215438127518, 6.613072764594108e-05]"
330,5,5,"[0.00021543198090512305, 0.0003335737274028361, 0.009980972856283188, 0.0015628740657120943, 0.0010249466868117452, 0.9868708848953247, 1.1321269084874075e-05]"
331,5,5,"[4.554073893814348e-05, 0.00023440542281605303, 0.0045496332459151745, 0.0007132975151762366, 0.0007086191326379776, 0.9937133193016052, 3.524234125507064e-05]"
332,5,5,"[2.7213889552513137e-05, 0.0001334579719696194, 0.0035047687124460936, 0.0003320908872410655, 0.0009246547124348581, 0.9950403571128845, 3.7464124034158885e-05]"
333,1,1,"[0.17040012776851654, 0.6934502720832825, 0.02892809920012951, 0.06517941504716873, 0.003478458384051919, 0.03490942344069481, 0.0036541929002851248]"
334,5,5,"[0.00031758155091665685, 0.0008227484067901969, 0.04670073464512825, 0.00037721008993685246, 0.23509466648101807, 0.7102827429771423, 0.0064043086022138596]"
335,1,5,"[0.026409165933728218, 0.19631679356098175, 0.029489735141396523, 0.01419102679938078, 0.08330763131380081, 0.6367119550704956, 0.013573682866990566]"
336,5,5,"[4.966045162291266e-05, 0.00034316795063205063, 0.028942828997969627, 0.0001299792347708717, 0.03556094691157341, 0.9344642758369446, 0.0005091364146210253]"
337,5,5,"[0.00035303676850162446, 0.00036893642391078174, 0.02602669596672058, 0.0019239149987697601, 0.0018047553021460772, 0.9695134162902832, 9.311815119872335e-06]"
338,5,5,"[4.950279981130734e-05, 0.0001181020779768005, 0.008705337531864643, 0.00043938285671174526, 0.001474830904044211, 0.9892071485519409, 5.664749096467858e-06]"
339,5,5,"[0.0009436380350962281, 0.027659619227051735, 0.07607992738485336, 0.004142703488469124, 0.008723260834813118, 0.8787530064582825, 0.0036978344433009624]"
340,2,2,"[0.006552756763994694, 0.004586576484143734, 0.8308390378952026, 0.0029379308689385653, 0.03914426639676094, 0.11589477211236954, 4.467074541025795e-05]"
341,4,5,"[7.466914394171908e-05, 0.00021605988149531186, 0.03782437741756439, 0.00017042910621967167, 0.10757746547460556, 0.8466112017631531, 0.0075257159769535065]"
342,5,5,"[3.6735960748046637e-05, 8.443144906777889e-05, 0.016104092821478844, 0.00026239448925480247, 0.0021692891605198383, 0.9813330769538879, 9.971198778657708e-06]"
343,5,5,"[0.0001508059649495408, 0.0010832586558535695, 0.057193219661712646, 0.0006010520737618208, 0.11446492373943329, 0.7776675224304199, 0.04883919283747673]"
344,0,2,"[0.1757611334323883, 0.02517949976027012, 0.3381931483745575, 0.05882279947400093, 0.07439501583576202, 0.32761889696121216, 2.9459297365974635e-05]"
345,2,2,"[0.017672255635261536, 0.019433923065662384, 0.800701916217804, 0.009657055139541626, 0.025842053815722466, 0.12664327025413513, 4.94182386319153e-05]"
346,6,5,"[0.00044396056910045445, 0.005062047392129898, 0.03257865458726883, 0.0008672155090607703, 0.07990783452987671, 0.8728419542312622, 0.008298337459564209]"
347,5,5,"[0.00010404388012830168, 0.001002896809950471, 0.0015588991809636354, 0.0013103795936331153, 0.000936260970775038, 0.9937049746513367, 0.001382532180286944]"
348,5,5,"[0.00031847169157117605, 0.0033093797974288464, 0.013757008127868176, 0.0012414547381922603, 0.0011650027008727193, 0.9800114631652832, 0.00019728489860426635]"
349,4,4,"[0.001241193851456046, 0.001032571541145444, 0.2218450903892517, 0.0007153488113544881, 0.4833140969276428, 0.28933751583099365, 0.002514082007110119]"
350,5,5,"[0.0009988214587792754, 0.0014288693200796843, 0.1488260179758072, 0.0005855358322151005, 0.20351164042949677, 0.6445030570030212, 0.00014608808851335198]"
351,2,4,"[0.16007612645626068, 0.07366443425416946, 0.17509673535823822, 0.039388787001371384, 0.3592948913574219, 0.19222001731395721, 0.00025903567438945174]"
352,2,2,"[0.1775227040052414, 0.057157792150974274, 0.6361445188522339, 0.05195925012230873, 0.03857649862766266, 0.03852520138025284, 0.00011407687998143956]"
353,5,5,"[0.004677396267652512, 0.013662120327353477, 0.06785416603088379, 0.001958669163286686, 0.390804648399353, 0.5046969652175903, 0.01634599082171917]"
354,5,5,"[0.0005409023142419755, 0.0021571831312030554, 0.07077200710773468, 0.0003590227570384741, 0.07600070536136627, 0.8498223423957825, 0.00034782051807269454]"
355,5,5,"[0.0004551674937829375, 0.00025069605908356607, 0.05784771218895912, 0.0011810403084382415, 0.004649206064641476, 0.9356133341789246, 2.8420456601452315e-06]"
356,0,0,"[0.38102003931999207, 0.23844529688358307, 0.16781826317310333, 0.13405929505825043, 0.04641289263963699, 0.031248966231942177, 0.0009952372638508677]"
357,5,5,"[4.395011637825519e-05, 0.00014976329111959785, 0.0040206871926784515, 0.00037826155312359333, 0.0010442223865538836, 0.9943456053733826, 1.7548229152453132e-05]"
358,5,4,"[0.20533707737922668, 0.1414911150932312, 0.2086341828107834, 0.051186200231313705, 0.23866143822669983, 0.1542477160692215, 0.00044223692384548485]"
359,5,5,"[0.0008397796773351729, 0.004424785729497671, 0.15450598299503326, 0.0005497811362147331, 0.1928996592760086, 0.6364136934280396, 0.010366271249949932]"
360,4,5,"[0.0010460399789735675, 0.0019345413893461227, 0.14294472336769104, 0.0005179501604288816, 0.3777337372303009, 0.47351163625717163, 0.002311336575075984]"
361,5,5,"[0.00012399900879245251, 0.0004121965612284839, 0.006252577528357506, 0.0008908456657081842, 0.0007507888949476182, 0.9915315508842468, 3.7980422348482534e-05]"
362,1,1,"[0.0830787941813469, 0.6708234548568726, 0.029170429334044456, 0.07868306338787079, 0.009622757323086262, 0.11999013274908066, 0.008631321601569653]"
363,5,5,"[2.7271102226222865e-05, 0.00011558082042029127, 0.002906948793679476, 0.00022308934421744198, 0.001103828428313136, 0.9955968260765076, 2.6417241315357387e-05]"
364,5,5,"[0.0004095496842637658, 0.001294612535275519, 0.0037268309388309717, 0.003472223412245512, 0.0007257278775796294, 0.990211009979248, 0.00016008291277103126]"
365,5,5,"[1.5254158824973274e-05, 0.00011879796511493623, 0.002481149509549141, 0.00027218760806135833, 0.0011125823948532343, 0.9959073066711426, 9.266874985769391e-05]"
366,5,5,"[0.0036664356011897326, 0.005688850302249193, 0.033758871257305145, 0.007285617757588625, 0.0023785822559148073, 0.9471752047538757, 4.6422850573435426e-05]"
367,5,5,"[0.13259367644786835, 0.11947832256555557, 0.2078990936279297, 0.02635217271745205, 0.2553199827671051, 0.25777530670166016, 0.0005814739852212369]"
368,6,6,"[0.0006446762126870453, 0.019565049558877945, 0.003830534406006336, 0.0027352827601134777, 0.006234425585716963, 0.01205496210604906, 0.9549351930618286]"
369,4,4,"[0.0021844315342605114, 0.0009128585807047784, 0.1877308189868927, 0.0009659102652221918, 0.5246795415878296, 0.2832775115966797, 0.0002489234320819378]"
370,1,5,"[0.005082217510789633, 0.042476724833250046, 0.011158589273691177, 0.003908264450728893, 0.08985289186239243, 0.6438159942626953, 0.20370528101921082]"
371,4,4,"[0.0004181221593171358, 0.0015630591660737991, 0.0377693772315979, 0.0008470492321066558, 0.3995688259601593, 0.36097151041030884, 0.19886210560798645]"
372,4,2,"[0.01354922354221344, 0.004965085536241531, 0.6265303492546082, 0.004174005705863237, 0.22967545688152313, 0.1210189089179039, 8.690501999808475e-05]"
373,5,1,"[0.2294204831123352, 0.5585247874259949, 0.039235394448041916, 0.11016923934221268, 0.014538072980940342, 0.04142488166689873, 0.0066870832815766335]"
374,5,5,"[0.00016086843970697373, 0.0010055084712803364, 0.020535152405500412, 0.00019234528008382767, 0.08990813791751862, 0.885902464389801, 0.0022955299355089664]"
375,5,5,"[0.00017379764176439494, 0.00017733352433424443, 0.02051820605993271, 0.00023563782451674342, 0.1386103332042694, 0.8393668532371521, 0.0009178891195915639]"
376,1,2,"[0.0038236139807850122, 0.011972382664680481, 0.4955143928527832, 0.0016221156110987067, 0.2711193263530731, 0.20626507699489594, 0.009683075360953808]"
377,5,5,"[0.0017973288195207715, 0.010067520663142204, 0.016040585935115814, 0.001594515168108046, 0.11812394857406616, 0.8469597697257996, 0.005416229832917452]"
378,5,5,"[0.02460256963968277, 0.010975330136716366, 0.09033633768558502, 0.0028694113716483116, 0.35824739933013916, 0.5125186443328857, 0.0004502844822127372]"
379,5,5,"[0.00015906878979876637, 0.00016933608276303858, 0.05129837244749069, 0.0008441101526841521, 0.0035030129365622997, 0.9440203309059143, 5.693902949133189e-06]"
380,5,5,"[0.0001947016135090962, 0.00022818217985332012, 0.012964081019163132, 0.000655948999337852, 0.0018530047964304686, 0.9841014742851257, 2.663068244146416e-06]"
381,6,1,"[0.07729025185108185, 0.4323957562446594, 0.1059693992137909, 0.07972075045108795, 0.05383949354290962, 0.04730067402124405, 0.2034837007522583]"
382,5,5,"[4.99567759106867e-05, 0.0002710478729568422, 0.0032018334604799747, 0.0007453973521478474, 0.0006485314224846661, 0.9950433969497681, 3.9857586671132594e-05]"
383,5,5,"[0.0005259434110485017, 0.0025929647963494062, 0.009879362769424915, 0.0009020771249197423, 0.011436372995376587, 0.974442720413208, 0.00022055632143747061]"
384,5,5,"[1.6814054106362164e-05, 6.936879071872681e-05, 0.0032177292741835117, 0.00017468574515078217, 0.001823245082050562, 0.9946444034576416, 5.379198773880489e-05]"
385,5,5,"[3.971802652813494e-05, 0.0005423542461358011, 0.023684261366724968, 0.002324003493413329, 0.0020619782153517008, 0.9703908562660217, 0.0009568827226758003]"
386,5,1,"[0.1382071077823639, 0.29755890369415283, 0.16350409388542175, 0.0509767085313797, 0.07400884479284286, 0.27495262026786804, 0.0007917830953374505]"
387,5,5,"[0.0004246304160915315, 0.0016427654772996902, 0.03779967129230499, 0.000343829597113654, 0.15905244648456573, 0.7955206632614136, 0.005215917713940144]"
388,2,5,"[0.012421848252415657, 0.0027403123676776886, 0.3038213551044464, 0.009710757993161678, 0.045312728732824326, 0.6259843111038208, 8.64386856846977e-06]"
389,1,1,"[0.20993445813655853, 0.33436501026153564, 0.23030929267406464, 0.03818012773990631, 0.04086028411984444, 0.14570412039756775, 0.0006466904887929559]"
390,4,4,"[0.0016649129102006555, 0.0008262582705356181, 0.04001786932349205, 0.0005228568916209042, 0.6332131624221802, 0.3216959238052368, 0.002059097168967128]"
391,5,5,"[0.00011755096784327179, 0.000191270635696128, 0.007609341759234667, 0.00046142141218297184, 0.0026482108514755964, 0.9889679551124573, 4.352940322860377e-06]"
392,5,5,"[3.518570520100184e-05, 0.0002173345274059102, 0.002497080247849226, 0.0002308812690898776, 0.00139704835601151, 0.995597779750824, 2.4831449991324916e-05]"
393,5,5,"[3.535895302775316e-05, 0.00038556905928999186, 0.00208977865986526, 0.00047435666783712804, 0.0007620061514899135, 0.9960605502128601, 0.00019237799278926104]"
394,5,5,"[0.05009521543979645, 0.009758146479725838, 0.25561729073524475, 0.016495250165462494, 0.013155211694538593, 0.6548586487770081, 2.020707688643597e-05]"
395,5,5,"[0.00023419111676048487, 0.0007811468676663935, 0.005393090657889843, 0.001407027360983193, 0.0009018738637678325, 0.9912173748016357, 6.525381468236446e-05]"
396,5,5,"[5.74694640818052e-05, 0.00012928149953950197, 0.00704082939773798, 0.0004897727048955858, 0.0011267786612734199, 0.991146981716156, 8.968977454060223e-06]"
397,5,5,"[0.00048463832354173064, 0.0019256386440247297, 0.06828849762678146, 0.0002764012897387147, 0.087001733481884, 0.84157794713974, 0.00044521078234538436]"
398,5,5,"[2.967962973343674e-05, 0.0001543092221254483, 0.0024519076105207205, 0.0004427758976817131, 0.0007830600370652974, 0.99610435962677, 3.3847456506919116e-05]"
399,1,0,"[0.45924994349479675, 0.08522026240825653, 0.23924648761749268, 0.0724426880478859, 0.06717383116483688, 0.07657626271247864, 9.05619453988038e-05]"
400,5,1,"[0.059398770332336426, 0.3837168514728546, 0.09125705063343048, 0.10440529137849808, 0.026695793494582176, 0.3329679071903229, 0.0015583488857373595]"
401,5,5,"[3.6194323911331594e-05, 0.00012243086530361325, 0.003567233681678772, 0.0004219196562189609, 0.0009268438443541527, 0.9949052333831787, 2.0219527868903242e-05]"
402,4,5,"[0.004449876956641674, 0.0684213936328888, 0.04957517609000206, 0.00496508926153183, 0.14016084372997284, 0.6656556129455566, 0.06677203625440598]"
403,5,5,"[9.758472151588649e-05, 0.0006273858598433435, 0.002574640093371272, 0.0009586250525899231, 0.0006563400966115296, 0.9949234127998352, 0.00016191945178434253]"
404,5,5,"[0.0010692531941458583, 0.002006128430366516, 0.42010045051574707, 0.0006717058713547885, 0.08634517341852188, 0.48970022797584534, 0.0001071738515747711]"
405,1,1,"[0.25832003355026245, 0.41348376870155334, 0.12821999192237854, 0.13353928923606873, 0.022473394870758057, 0.042472317814826965, 0.0014911593170836568]"
406,5,4,"[0.05935931205749512, 0.04801567271351814, 0.06424760818481445, 0.011124049313366413, 0.4103992283344269, 0.4056619703769684, 0.0011921562254428864]"
407,2,2,"[0.2426358163356781, 0.10644284635782242, 0.45980799198150635, 0.12166063487529755, 0.03151459991931915, 0.037487491965293884, 0.0004506833793129772]"
408,0,0,"[0.6002722382545471, 0.2262469232082367, 0.09102340042591095, 0.041565604507923126, 0.008210986852645874, 0.03226729482412338, 0.00041362526826560497]"
409,5,5,"[4.280396024114452e-05, 9.964251512428746e-05, 0.007935501635074615, 0.0002521861169952899, 0.001568676671013236, 0.9900891780853271, 1.1971929779974744e-05]"
410,5,5,"[7.75676453486085e-05, 0.00030479158158414066, 0.004937515594065189, 0.0008541542920283973, 0.0007616727380082011, 0.9930197596549988, 4.4450967834563926e-05]"
411,1,1,"[0.2370738685131073, 0.4072969853878021, 0.05200183019042015, 0.1831960678100586, 0.015786519274115562, 0.10258819907903671, 0.002056573750451207]"
412,5,5,"[0.0005098393303342164, 0.0019865664653480053, 0.009605808183550835, 0.0003588878607843071, 0.056445084512233734, 0.9296250939369202, 0.0014687428483739495]"
413,5,4,"[0.001045385841280222, 0.0006429327768273652, 0.040200915187597275, 0.000574898615013808, 0.604743480682373, 0.35091546177864075, 0.0018768825102597475]"
414,5,5,"[0.00013864100037608296, 0.0004787448269780725, 0.006573930382728577, 0.00018787183216772974, 0.08330804109573364, 0.9025097489356995, 0.006802989635616541]"
415,5,5,"[0.017375487834215164, 0.03230530023574829, 0.02831917442381382, 0.005428548436611891, 0.43032506108283997, 0.4807446300983429, 0.005501798819750547]"
416,2,4,"[0.014973570592701435, 0.0017640326404944062, 0.291003942489624, 0.004539960529655218, 0.5622237920761108, 0.1253306269645691, 0.00016410327225457877]"
417,5,5,"[2.686331390577834e-05, 0.0003690014418680221, 0.0023163713049143553, 0.0003224850806873292, 0.002514302497729659, 0.9927051663398743, 0.0017457944341003895]"
418,1,5,"[0.012894230894744396, 0.016253158450126648, 0.0751611590385437, 0.01575520448386669, 0.013210177421569824, 0.8667004108428955, 2.56178554991493e-05]"
419,5,5,"[3.7273512134561315e-05, 0.00011008707951987162, 0.003681362606585026, 0.00029901237576268613, 0.0010791982058435678, 0.9947826266288757, 1.0493653462617658e-05]"
420,5,5,"[4.104517574887723e-05, 0.00018659315537661314, 0.002878753934055567, 0.00032277603168040514, 0.0009005480678752065, 0.9956420660018921, 2.828806100296788e-05]"
421,5,4,"[0.0008885833085514605, 0.0012004898162558675, 0.026064233854413033, 0.0007079811184667051, 0.4935795068740845, 0.11717379838228226, 0.36038535833358765]"
422,4,5,"[0.08246223628520966, 0.09431151300668716, 0.12938331067562103, 0.057886507362127304, 0.31010881066322327, 0.3249044418334961, 0.0009431994403712451]"
423,2,2,"[0.10674656182527542, 0.038678128272295, 0.7260633707046509, 0.026806673035025597, 0.05317247658967972, 0.048447515815496445, 8.5364532424137e-05]"
424,5,5,"[7.001347694313154e-05, 0.00012190786947030574, 0.00824709888547659, 0.0002723050711210817, 0.0016772599192336202, 0.9896061420440674, 5.350763785827439e-06]"
425,5,5,"[1.3255748854135163e-05, 3.7499488826142624e-05, 0.00816259067505598, 0.00019610009621828794, 0.005535838659852743, 0.9859696626663208, 8.513736975146458e-05]"
426,5,5,"[9.270360351365525e-06, 9.51784968492575e-05, 0.005648078862577677, 0.00034858519211411476, 0.0023572086356580257, 0.9911904335021973, 0.00035117697552777827]"
427,5,5,"[0.00020029688312206417, 0.0010173196205869317, 0.06767737865447998, 0.0003309490857645869, 0.18919242918491364, 0.7296910285949707, 0.011890625581145287]"
428,2,0,"[0.29213637113571167, 0.16675437986850739, 0.1350352168083191, 0.21486054360866547, 0.008448071777820587, 0.18258894979953766, 0.0001764330518199131]"
429,5,5,"[3.514353738864884e-05, 9.801021951716393e-05, 0.005248944275081158, 0.00013058593322057277, 0.0030043728183954954, 0.9914237856864929, 5.9144462284166366e-05]"
430,4,0,"[0.47742512822151184, 0.1874847114086151, 0.20136241614818573, 0.07800605893135071, 0.031843263655900955, 0.023585645481944084, 0.0002927500754594803]"
431,5,5,"[2.9453798561007716e-05, 0.00015351042384281754, 0.0020014538895338774, 0.00023910864547360688, 0.0010091621661558747, 0.9965080618858337, 5.9248373872833326e-05]"
432,5,2,"[0.013163173571228981, 0.011328819207847118, 0.47672122716903687, 0.005503037013113499, 0.11691251397132874, 0.3763142228126526, 5.70836455153767e-05]"
433,5,5,"[5.2428600611165166e-05, 0.0002478020032867789, 0.0026706282515078783, 0.0006370804039761424, 0.0007044927915558219, 0.9956339001655579, 5.364918979466893e-05]"
434,5,5,"[0.09528222680091858, 0.04432060942053795, 0.08021111786365509, 0.008195066824555397, 0.2911546230316162, 0.4803393483161926, 0.0004969383007846773]"
435,3,5,"[0.0014385419199243188, 0.01302383653819561, 0.04167885705828667, 0.0014515046495944262, 0.10932614654302597, 0.8287838697433472, 0.004297209903597832]"
436,1,1,"[0.14456067979335785, 0.4824763536453247, 0.19723471999168396, 0.08295182138681412, 0.008203443139791489, 0.08354596048593521, 0.0010269021149724722]"
437,5,5,"[0.006753704510629177, 0.0069737909361720085, 0.030735140666365623, 0.049443382769823074, 0.0021687555126845837, 0.9037706255912781, 0.000154692490468733]"
438,5,5,"[4.238109613652341e-05, 0.00017450147424824536, 0.0030699202325195074, 0.0003476061683613807, 0.0008957787649706006, 0.9954417943954468, 2.7970230803475715e-05]"
439,1,2,"[0.026809196919202805, 0.07651840895414352, 0.547383189201355, 0.03557731583714485, 0.06499405950307846, 0.24526235461235046, 0.003455476136878133]"
440,5,5,"[5.157359191798605e-05, 0.00010470644338056445, 0.0054674772545695305, 0.00029840521165169775, 0.0013199233217164874, 0.9927494525909424, 8.489196261507459e-06]"
441,5,5,"[0.003968837670981884, 0.0007048135157674551, 0.29883497953414917, 0.0023673633113503456, 0.19041933119297028, 0.5036563277244568, 4.833597267861478e-05]"
442,5,5,"[0.002998130861669779, 0.004524991847574711, 0.13755731284618378, 0.002409578301012516, 0.2708453834056854, 0.581156313419342, 0.0005083120777271688]"
443,2,2,"[0.15792232751846313, 0.05141060799360275, 0.6326190233230591, 0.06420879065990448, 0.050745993852615356, 0.04290640354156494, 0.00018687568081077188]"
444,5,5,"[0.0008180980221368372, 0.0021986779756844044, 0.14317014813423157, 0.0007174814236350358, 0.13207171857357025, 0.7207648158073425, 0.0002591619559098035]"
445,5,5,"[0.00022279687982518226, 0.0008999877027235925, 0.06479018181562424, 0.00028505612863227725, 0.13708658516407013, 0.7947713136672974, 0.0019440521718934178]"
446,5,0,"[0.4182066321372986, 0.19178877770900726, 0.16342653334140778, 0.07478489726781845, 0.10012597590684891, 0.05130869150161743, 0.0003585339873097837]"
447,5,5,"[0.0029121609404683113, 0.0018523897742852569, 0.12399730086326599, 0.008424041792750359, 0.0035251753870397806, 0.8592764139175415, 1.2470594811020419e-05]"
448,5,5,"[0.03715606778860092, 0.015059017576277256, 0.19227610528469086, 0.00450736191123724, 0.2301335483789444, 0.5208038091659546, 6.4095038396772e-05]"
449,6,6,"[7.677934627281502e-05, 0.0008855012129060924, 0.0007223456632345915, 0.00027619078173302114, 0.0010638542007654905, 0.0019067252287641168, 0.9950685501098633]"
450,5,4,"[0.0004249017219990492, 0.0006057803402654827, 0.09320216625928879, 0.0005389800062403083, 0.4955848455429077, 0.40303483605384827, 0.006608462426811457]"
451,3,1,"[0.08488811552524567, 0.31924039125442505, 0.2626933753490448, 0.05523715540766716, 0.11817211657762527, 0.1388789564371109, 0.020889874547719955]"
452,1,1,"[0.1642155945301056, 0.5619869828224182, 0.061251841485500336, 0.0398406982421875, 0.021479884162545204, 0.14419589936733246, 0.007029066327959299]"
453,1,2,"[0.23479513823986053, 0.2088402509689331, 0.2969399690628052, 0.06579375267028809, 0.1127912849187851, 0.08039148151874542, 0.00044813338899984956]"
454,5,5,"[0.019488098099827766, 0.017563771456480026, 0.05580062419176102, 0.003110936377197504, 0.3178199231624603, 0.5853672027587891, 0.0008494046633131802]"
455,5,5,"[4.218350295559503e-05, 0.00033023758442141116, 0.0035649321507662535, 0.00042280208435840905, 0.0009553559357300401, 0.9946463704109192, 3.810147973126732e-05]"
456,5,5,"[8.200445881811902e-05, 0.0005603979807347059, 0.03705263510346413, 0.00020544340077321976, 0.051670677959918976, 0.9071943759918213, 0.0032343710772693157]"
457,2,4,"[0.029230184853076935, 0.017222797498106956, 0.2300460934638977, 0.008579332381486893, 0.49818480014801025, 0.21652914583683014, 0.000207662713364698]"
458,5,2,"[0.019983282312750816, 0.0952037051320076, 0.4381083548069, 0.01611509919166565, 0.06141681224107742, 0.36884647607803345, 0.0003262881364207715]"
459,5,5,"[0.0006445207400247455, 0.009708423167467117, 0.01449652574956417, 0.0006968757952563465, 0.01197343785315752, 0.9583830237388611, 0.004097077529877424]"
460,5,5,"[0.0037624991964548826, 0.0023525545839220285, 0.08002088218927383, 0.0016206632135435939, 0.4182524085044861, 0.49377477169036865, 0.0002162013843189925]"
461,4,6,"[0.0003077856672462076, 0.0009504481568001211, 0.021974220871925354, 0.0005889059393666685, 0.2779792845249176, 0.26758912205696106, 0.4306102395057678]"
462,5,5,"[6.886811752337962e-05, 0.00032042613020166755, 0.005206741858273745, 0.0013667721068486571, 0.0006810685154050589, 0.9923102855682373, 4.5876407966716215e-05]"
463,5,5,"[3.422864756430499e-05, 0.0001628865284146741, 0.0017491680337116122, 0.0002906129520852119, 0.0009426830220036209, 0.99674391746521, 7.640550757059827e-05]"
464,2,5,"[0.01243566069751978, 0.00899958610534668, 0.29697519540786743, 0.0030869697220623493, 0.25870630145072937, 0.41970378160476685, 9.257469355361536e-05]"
465,5,5,"[5.770647112512961e-05, 0.0005192819517105818, 0.002589496085420251, 0.0004697797994595021, 0.0007283621234819293, 0.9954063892364502, 0.00022901057673152536]"
466,5,5,"[0.0007674308144487441, 0.002186982426792383, 0.01846989430487156, 0.004642662592232227, 0.001096406253054738, 0.972362220287323, 0.00047448978875763714]"
467,5,5,"[0.0016438011080026627, 0.0006921297172084451, 0.23834317922592163, 0.0006691094022244215, 0.34595000743865967, 0.4125903844833374, 0.00011138250556541607]"
468,5,5,"[2.5633982659201138e-05, 8.880467066774145e-05, 0.003781245555728674, 0.00024343750555999577, 0.0011464052367955446, 0.9946914315223694, 2.3047197828418575e-05]"
469,5,5,"[0.00015909569629002362, 0.0005022454424761236, 0.006927447859197855, 0.0009139126050285995, 0.0008507682941854, 0.990620493888855, 2.610523188195657e-05]"
470,6,6,"[0.0024606469087302685, 0.12684084475040436, 0.007749638985842466, 0.010558164678514004, 0.008474469184875488, 0.06995563954114914, 0.7739605903625488]"
471,5,5,"[0.0002750185667537153, 0.0007266568718478084, 0.12399722635746002, 0.00029456461197696626, 0.10938030481338501, 0.7650213837623596, 0.00030484108719974756]"
472,5,4,"[0.002883713925257325, 0.0009212029981426895, 0.16545356810092926, 0.001264063292182982, 0.6849832534790039, 0.14280933141708374, 0.0016848464729264379]"
473,4,2,"[0.006269447971135378, 0.004847158677875996, 0.5370609164237976, 0.005603467114269733, 0.10346303880214691, 0.3426683247089386, 8.761598292039707e-05]"
474,5,5,"[0.00016808317741379142, 0.0004935290780849755, 0.0865061804652214, 0.0002713610010687262, 0.21448135375976562, 0.6933207511901855, 0.004758729133754969]"
475,5,5,"[8.054194768192247e-05, 0.00039800474769435823, 0.0038990338798612356, 0.0010282039875164628, 0.0006820480921305716, 0.9938029050827026, 0.00010916620522039011]"
476,2,2,"[0.2346932739019394, 0.1350351870059967, 0.48006269335746765, 0.07909063249826431, 0.03927090764045715, 0.031238604336977005, 0.0006086792564019561]"
477,5,4,"[0.07046443223953247, 0.020760394632816315, 0.22762349247932434, 0.01650850661098957, 0.4277586042881012, 0.23673835396766663, 0.0001461998326703906]"
478,5,2,"[0.13207483291625977, 0.07360459119081497, 0.5321130156517029, 0.043307386338710785, 0.07702623307704926, 0.14158593118190765, 0.0002880269894376397]"
479,5,2,"[0.0012013786472380161, 0.003959910944104195, 0.6627038717269897, 0.003360527800396085, 0.01578954979777336, 0.3127742409706116, 0.0002104679006151855]"
480,2,5,"[0.0015303408727049828, 0.0006650043651461601, 0.265445351600647, 0.0007190851029008627, 0.33566293120384216, 0.3959062695503235, 7.10074309608899e-05]"
481,5,5,"[1.8555110727902502e-05, 0.0001180653998744674, 0.004588702227920294, 0.0003077769360970706, 0.0011712460545822978, 0.9936853051185608, 0.0001102853420889005]"
482,5,5,"[0.008778266608715057, 0.02413826249539852, 0.0199489314109087, 0.0026975013315677643, 0.16825275123119354, 0.7729249000549316, 0.003259410383179784]"
483,5,5,"[3.135474253213033e-05, 0.00020273133122827858, 0.0035934285260736942, 0.0004859674081671983, 0.0008276696316897869, 0.9948280453681946, 3.087416189373471e-05]"
484,5,5,"[0.0001863146317191422, 0.0002919399703387171, 0.03816481679677963, 0.00032017697230912745, 0.24640922248363495, 0.7120444774627686, 0.0025831146631389856]"
485,5,2,"[0.27843278646469116, 0.09081045538187027, 0.3503080904483795, 0.06538324803113937, 0.04527100548148155, 0.1697506159543991, 4.37940179836005e-05]"
486,5,1,"[0.21041011810302734, 0.37078386545181274, 0.08079212158918381, 0.06445609778165817, 0.08855338394641876, 0.18181324005126953, 0.0031911544501781464]"
487,2,5,"[0.0005335006862878799, 0.00021189522522035986, 0.15194499492645264, 0.0004973731702193618, 0.29872387647628784, 0.5478808879852295, 0.00020747729286085814]"
488,5,5,"[6.680509250145406e-05, 0.00012710307782981545, 0.008405040018260479, 0.0003803118015639484, 0.0013100644573569298, 0.9897043108940125, 6.4640171331120655e-06]"
489,1,2,"[0.0541611984372139, 0.12264645844697952, 0.37277933955192566, 0.015687083825469017, 0.264510840177536, 0.16541390120983124, 0.004801149480044842]"
490,5,5,"[0.0008707396918907762, 0.0005423318361863494, 0.062433287501335144, 0.0005032983026467264, 0.44304028153419495, 0.4919344484806061, 0.0006756845396012068]"
491,5,4,"[0.00106188771314919, 0.0014007643330842257, 0.17732791602611542, 0.0005282112979330122, 0.4764299988746643, 0.3418583273887634, 0.0013928390108048916]"
492,5,5,"[0.00016707851318642497, 0.0011630848748609424, 0.006442166864871979, 0.0003560594341251999, 0.0023609702475368977, 0.9894461035728455, 6.449854117818177e-05]"
493,4,5,"[0.030330613255500793, 0.017005326226353645, 0.08155690878629684, 0.0067671481519937515, 0.20824338495731354, 0.6559514999389648, 0.00014517860836349428]"
494,5,5,"[0.00024518961436115205, 0.0016880652401596308, 0.05523986369371414, 0.00039701766218058765, 0.06155701354146004, 0.8796465992927551, 0.0012262755772098899]"
495,4,5,"[0.0018470966024324298, 0.0021499842405319214, 0.1671253740787506, 0.0005940445116721094, 0.20084738731384277, 0.627325713634491, 0.0001103839895222336]"
496,5,5,"[5.100923590362072e-05, 0.00024468396441079676, 0.002805924043059349, 0.000553049030713737, 0.0007701016147620976, 0.9955287575721741, 4.646260276786052e-05]"
497,5,5,"[0.00038300055894069374, 0.0005012017791159451, 0.017675675451755524, 0.00152634980622679, 0.002024359768256545, 0.9778822064399719, 7.233836640807567e-06]"
498,5,5,"[0.004690705798566341, 0.0030842479318380356, 0.13425703346729279, 0.0014077848754823208, 0.13155731558799744, 0.7249625325202942, 4.0372255170950666e-05]"
499,5,5,"[4.6853598178131506e-05, 0.0002730535052251071, 0.002147660357877612, 0.0007927595288492739, 0.0006767339073121548, 0.9959676265716553, 9.53092603594996e-05]"
500,5,5,"[2.858508742065169e-05, 0.00011883438855875283, 0.0023497501388192177, 0.0002250433317385614, 0.001118407235480845, 0.9961203932762146, 3.8933856558287516e-05]"
501,5,2,"[0.02674926072359085, 0.011054213158786297, 0.5085248947143555, 0.07294841855764389, 0.012615673243999481, 0.3680245578289032, 8.299780893139541e-05]"
502,5,5,"[0.0006839609704911709, 0.00021754617046099156, 0.07488006353378296, 0.0004567493451759219, 0.36337509751319885, 0.5602647662162781, 0.00012179023178759962]"
503,5,5,"[0.0012201317586004734, 0.005862268153578043, 0.24370177090168, 0.0005367689300328493, 0.11538295447826385, 0.6286399364471436, 0.004656190052628517]"
504,5,4,"[0.0011187370400875807, 0.0012569539248943329, 0.09681811183691025, 0.0005933572538197041, 0.6593852639198303, 0.2362806797027588, 0.0045469836331903934]"
505,5,5,"[4.934160097036511e-05, 0.00011114445078419521, 0.006562609691172838, 0.00041039803181774914, 0.001323650241829455, 0.9915361404418945, 6.766968454030575e-06]"
506,5,5,"[0.0002988613268826157, 0.0007577618234790862, 0.06142277270555496, 0.00023525844153482467, 0.14391832053661346, 0.7928869128227234, 0.00048013508785516024]"
507,5,5,"[0.0008193670655600727, 0.002269695745781064, 0.19113828241825104, 0.0004330305091571063, 0.24792605638504028, 0.5560317635536194, 0.0013817782746627927]"
508,5,5,"[8.091371273621917e-05, 0.0002521304413676262, 0.002669809153303504, 0.0005655444110743701, 0.0007928829872980714, 0.9956156015396118, 2.3156228053267114e-05]"
509,1,0,"[0.41583287715911865, 0.19203072786331177, 0.2610330879688263, 0.08438926935195923, 0.01466344203799963, 0.03181932866573334, 0.00023134122602641582]"
510,5,5,"[0.019114160910248756, 0.01134296040982008, 0.1843356341123581, 0.006697371136397123, 0.2832983136177063, 0.49514347314834595, 6.812158244429156e-05]"
511,5,5,"[3.801334241870791e-05, 0.00014429261500481516, 0.0027462556026875973, 0.0003236447519157082, 0.0008893978665582836, 0.9958285689353943, 2.995122122229077e-05]"
512,4,4,"[0.0029370433185249567, 0.0020306429360061884, 0.09918966889381409, 0.0007328984211198986, 0.49394136667251587, 0.4002506732940674, 0.0009176417952403426]"
513,5,5,"[0.03502598777413368, 0.020310048013925552, 0.25272053480148315, 0.015071296133100986, 0.12136434018611908, 0.5554724335670471, 3.539130921126343e-05]"
514,5,1,"[0.08383277803659439, 0.5578662753105164, 0.05020125210285187, 0.07909751683473587, 0.018467603251338005, 0.20567268133163452, 0.0048618437722325325]"
515,5,5,"[0.0017949320608749986, 0.002943023107945919, 0.2802087664604187, 0.00114720081910491, 0.10101436078548431, 0.6128376126289368, 5.412224345491268e-05]"
516,5,5,"[0.00011239299783483148, 0.00016837402654346079, 0.009192008525133133, 0.0006110541289672256, 0.001265251194126904, 0.9886444807052612, 6.386056611518143e-06]"
517,5,5,"[0.00029187893960624933, 0.00018171338888350874, 0.032306455075740814, 0.0002556825347710401, 0.03321894630789757, 0.9337075352668762, 3.769656177610159e-05]"
518,5,5,"[0.0031319898553192616, 0.01784641668200493, 0.2055065780878067, 0.004548653494566679, 0.3461478054523468, 0.3506259620189667, 0.07219255715608597]"
519,5,2,"[0.03799717500805855, 0.06017610430717468, 0.3968474864959717, 0.0066667720675468445, 0.1477988213300705, 0.3502672016620636, 0.000246520183281973]"
520,5,1,"[0.14294090867042542, 0.5681477785110474, 0.07742031663656235, 0.06432177871465683, 0.014388305135071278, 0.13019134104251862, 0.0025895910803228617]"
521,5,4,"[0.03540820628404617, 0.0402052141726017, 0.2495960295200348, 0.006773205474019051, 0.46906334161758423, 0.19764398038387299, 0.0013099951902404428]"
522,0,0,"[0.39346006512641907, 0.2773763835430145, 0.1097927913069725, 0.04510315880179405, 0.12174009531736374, 0.05092499032616615, 0.0016024626092985272]"
523,5,5,"[0.000372003618394956, 0.0014174109091982245, 0.013139229267835617, 0.00047639780677855015, 0.16236664354801178, 0.8106316924095154, 0.011596611700952053]"
524,5,5,"[0.0001706608891254291, 0.00047123542753979564, 0.07995248585939407, 0.00032882762025110424, 0.2332189977169037, 0.6812079548835754, 0.00464987987652421]"
525,5,5,"[0.002030918374657631, 0.009300054050981998, 0.06726111471652985, 0.0015609775437042117, 0.24116450548171997, 0.6674079298973083, 0.011274474672973156]"
526,2,4,"[0.00099642772693187, 0.0006409123889170587, 0.04599699750542641, 0.0005393182509578764, 0.7265350818634033, 0.2207709699869156, 0.004520277492702007]"
527,3,0,"[0.40249231457710266, 0.10227137804031372, 0.240838423371315, 0.20132732391357422, 0.02510007657110691, 0.027245430275797844, 0.0007250656490214169]"
528,5,5,"[2.8548714908538386e-05, 0.00010266010940540582, 0.003872263478115201, 0.0005371372681111097, 0.001002226723358035, 0.9944051504135132, 5.2025810873601586e-05]"
529,5,4,"[0.0004486472753342241, 0.0003288437728770077, 0.0488661490380764, 0.0008549352060072124, 0.5597866773605347, 0.32782238721847534, 0.06189236417412758]"
530,5,5,"[0.0001983697002287954, 0.001224194886162877, 0.03571668267250061, 0.0003025440382771194, 0.14735937118530273, 0.7997933626174927, 0.015405465848743916]"
531,2,0,"[0.381165087223053, 0.24232217669487, 0.17038115859031677, 0.10668253153562546, 0.07253867387771606, 0.024855053052306175, 0.002055299933999777]"
532,2,5,"[0.0001254149537999183, 0.0001546287239762023, 0.025754118338227272, 0.00044759101001545787, 0.005604644306004047, 0.9679059982299805, 7.635600013600197e-06]"
533,5,5,"[0.0014005537377670407, 0.015035625547170639, 0.0249989852309227, 0.0016792691312730312, 0.05773676931858063, 0.8937838077545166, 0.005364976357668638]"
534,5,5,"[2.2769510906073265e-05, 0.00014907548029441386, 0.0028395061381161213, 0.00025907866074703634, 0.0009502972243353724, 0.9957197308540344, 5.9529527788981795e-05]"
535,2,2,"[0.039296701550483704, 0.011440972797572613, 0.4564942717552185, 0.00538231898099184, 0.3757791221141815, 0.11145765334367752, 0.0001489601272623986]"
536,2,4,"[0.005420998204499483, 0.003730012336745858, 0.14878985285758972, 0.0025230427272617817, 0.44815996289253235, 0.39120250940322876, 0.00017351817223243415]"
537,2,1,"[0.20028571784496307, 0.5224760174751282, 0.11700025200843811, 0.0612785629928112, 0.025997061282396317, 0.07114099711179733, 0.001821444951929152]"
538,5,5,"[0.0002916869998443872, 0.0005960711278021336, 0.015522575937211514, 0.001709772041067481, 0.001114053651690483, 0.9807502627372742, 1.5697853086749092e-05]"
539,0,0,"[0.48144394159317017, 0.2543548345565796, 0.14725708961486816, 0.03321157768368721, 0.01074246596544981, 0.07271070033311844, 0.0002793803287204355]"
540,5,5,"[0.0001327062345808372, 0.0008067615563049912, 0.024186722934246063, 0.00024375636712647974, 0.02432524599134922, 0.9501198530197144, 0.00018493336392566562]"
541,1,1,"[0.11599645018577576, 0.6447772979736328, 0.035218991339206696, 0.0917593315243721, 0.01435153279453516, 0.03327784314751625, 0.06461851298809052]"
542,2,0,"[0.3102061450481415, 0.2328622043132782, 0.2779828906059265, 0.09623641520738602, 0.04841848090291023, 0.03353463113307953, 0.0007592013571411371]"
543,2,2,"[0.05205415189266205, 0.03380938991904259, 0.6603617668151855, 0.029452791437506676, 0.1207248717546463, 0.10347945988178253, 0.00011764128430513665]"
544,1,1,"[0.11740624159574509, 0.6484549641609192, 0.06029191613197327, 0.09029359370470047, 0.006649734452366829, 0.07289087027311325, 0.004012689925730228]"
545,5,5,"[1.9554314349079505e-05, 0.00011450829333625734, 0.0027079321444034576, 0.00012211626744829118, 0.0048636822029948235, 0.9917157292366028, 0.0004563976253848523]"
546,5,5,"[0.014124812558293343, 0.021552549675107002, 0.04349511116743088, 0.015226881951093674, 0.013599513098597527, 0.8917715549468994, 0.00022957180044613779]"
547,5,2,"[0.004967673681676388, 0.0029055464547127485, 0.6848639845848083, 0.0044956086203455925, 0.07929135113954544, 0.22342601418495178, 4.980059020454064e-05]"
548,5,5,"[8.099784463411197e-05, 0.00024448410840705037, 0.00273159914650023, 0.0006274791667237878, 0.0008115291129797697, 0.995475709438324, 2.813413811963983e-05]"
549,5,5,"[0.00033798502408899367, 0.0002448208397254348, 0.12910492718219757, 0.0002853860205505043, 0.2839711606502533, 0.5853175520896912, 0.0007381416507996619]"
550,4,2,"[0.03701886534690857, 0.01912032999098301, 0.7565106749534607, 0.018526440486311913, 0.08306091278791428, 0.08560900390148163, 0.00015372545749414712]"
551,5,5,"[0.00011820407235063612, 0.00038209615740925074, 0.0025939196348190308, 0.0006843997980467975, 0.0007981526432558894, 0.9953961968421936, 2.7008831239072606e-05]"
552,5,5,"[0.002489919774234295, 0.002669231267645955, 0.15154686570167542, 0.0012985224602743983, 0.2771785259246826, 0.5644087195396423, 0.00040829673525877297]"
553,2,5,"[0.00014352521975524724, 0.0004923825617879629, 0.028436865657567978, 0.00020791843417100608, 0.14216335117816925, 0.8237277865409851, 0.004828235600143671]"
554,5,5,"[2.653481533343438e-05, 0.00019337868434377015, 0.00858115591108799, 0.0003870794898830354, 0.0013037939788773656, 0.9894607663154602, 4.722368248621933e-05]"
555,5,5,"[2.6784011424751952e-05, 0.00012042779417242855, 0.0028398556169122458, 0.00025922732311300933, 0.0010052095167338848, 0.9957249164581299, 2.3482021788368e-05]"
556,1,5,"[0.02719162218272686, 0.39907312393188477, 0.039025381207466125, 0.016428593546152115, 0.04206594452261925, 0.45331811904907227, 0.022897155955433846]"
557,5,5,"[0.00027271758881397545, 0.0006902315653860569, 0.007229391485452652, 0.001303712255321443, 0.0008366585825569928, 0.9896327257156372, 3.4549462725408375e-05]"
558,5,5,"[0.0027432821225374937, 0.0024044085294008255, 0.1548847109079361, 0.0011867774883285165, 0.30703139305114746, 0.5316475629806519, 0.00010182600817643106]"
559,5,5,"[0.00026494660414755344, 0.0007384995697066188, 0.02280675433576107, 0.00047648974577896297, 0.11266815662384033, 0.8620429635047913, 0.0010021989000961185]"
560,5,1,"[0.22189050912857056, 0.33931276202201843, 0.0936504378914833, 0.084792859852314, 0.08320960402488708, 0.17621485888957977, 0.0009289148147217929]"
561,5,2,"[0.0032670877408236265, 0.0020824933890253305, 0.6221441030502319, 0.003576105460524559, 0.1344524472951889, 0.234418123960495, 5.960843191132881e-05]"
562,2,2,"[0.08624348044395447, 0.05762171000242233, 0.730465829372406, 0.04555061087012291, 0.02873964048922062, 0.05121106281876564, 0.00016772639355622232]"
563,2,2,"[0.11409025639295578, 0.04896114394068718, 0.6533829569816589, 0.06961620599031448, 0.04725755751132965, 0.06653084605932236, 0.00016105847316794097]"
564,5,5,"[3.061554889427498e-05, 0.00012559295282699168, 0.003921846859157085, 0.0004266284522600472, 0.0008988181944005191, 0.9945544004440308, 4.221018389216624e-05]"
565,5,5,"[0.0021430617198348045, 0.021924586966633797, 0.032894834876060486, 0.001767615438438952, 0.08756361156702042, 0.8390674591064453, 0.014638829044997692]"
566,1,1,"[0.04866519570350647, 0.7601757049560547, 0.02328946441411972, 0.049117930233478546, 0.00676820008084178, 0.08114026486873627, 0.030843283981084824]"
567,1,1,"[0.2153361737728119, 0.6382509469985962, 0.032506417483091354, 0.08288802206516266, 0.004290628246963024, 0.015382972545921803, 0.011344896629452705]"
568,5,4,"[0.021994508802890778, 0.006340144667774439, 0.3491053581237793, 0.004494361579418182, 0.36962875723838806, 0.2483459711074829, 9.087158105103299e-05]"
569,2,2,"[0.004307507537305355, 0.0037372594233602285, 0.5282019376754761, 0.0028897211886942387, 0.12737469375133514, 0.3334317207336426, 5.714694270864129e-05]"
570,5,5,"[6.376238889060915e-05, 0.0004831062688026577, 0.001481935614719987, 0.0009242385858669877, 0.0007720215362496674, 0.9957233667373657, 0.0005516549572348595]"
571,5,5,"[7.18969022273086e-05, 0.00016275839880108833, 0.006492352578788996, 0.0006224873359315097, 0.0009390157647430897, 0.9916976690292358, 1.3682143617188558e-05]"
572,5,5,"[0.0003793607756961137, 0.000554657366592437, 0.03010876290500164, 0.00247742747887969, 0.0013680486008524895, 0.9651018977165222, 9.801872693060432e-06]"
573,2,5,"[0.0727374255657196, 0.2006416767835617, 0.2514045834541321, 0.03758484497666359, 0.10583040118217468, 0.3286496698856354, 0.003151400713250041]"
574,5,5,"[0.0018392938654869795, 0.022528650239109993, 0.012953922152519226, 0.0012264836113899946, 0.007571742404252291, 0.9506694078445435, 0.003210598137229681]"
575,5,5,"[4.7665547754149884e-05, 0.0002397973439656198, 0.0031102478969842196, 0.0006126153166405857, 0.0007054753950797021, 0.9952352643013, 4.893720324616879e-05]"
576,5,5,"[0.00021763492259196937, 0.0009420595015399158, 0.05473340302705765, 0.0005004932172596455, 0.11735282838344574, 0.8218098878860474, 0.004443719517439604]"
577,5,5,"[0.000611692201346159, 0.0012665016110986471, 0.02587188594043255, 0.0006375279626809061, 0.19036538898944855, 0.7793458104133606, 0.001901238807477057]"
578,1,1,"[0.08764384686946869, 0.7796452641487122, 0.027165604755282402, 0.05137839913368225, 0.004119754768908024, 0.03728289157152176, 0.012764213606715202]"
579,5,5,"[1.475116459914716e-05, 7.324944454012439e-05, 0.004362849052995443, 0.00023235463595483452, 0.0017032865434885025, 0.9935444593429565, 6.909661897225305e-05]"
580,5,5,"[7.811900286469609e-05, 0.00010989922884618863, 0.01888980157673359, 0.0002496196539141238, 0.0071611348539590836, 0.9734917879104614, 1.965025148820132e-05]"
581,5,5,"[2.3980273908819072e-05, 0.00019254429207649082, 0.0015951168024912477, 0.00033236894523724914, 0.000902213214430958, 0.9968112111091614, 0.00014263825141824782]"
582,5,5,"[0.00029578275280073285, 0.0010367638897150755, 0.010102102532982826, 0.00030316051561385393, 0.044585805386304855, 0.943202793598175, 0.0004735683905892074]"
583,2,2,"[0.026023386046290398, 0.02296653762459755, 0.7767744660377502, 0.010299003683030605, 0.056769389659166336, 0.10698585212230682, 0.00018129986710846424]"
584,5,5,"[1.580978096171748e-05, 9.54780334723182e-05, 0.0024992485996335745, 0.0002057653764495626, 0.0011711546685546637, 0.9959383010864258, 7.430576806655154e-05]"
585,5,5,"[6.647070404142141e-05, 0.00024367314472328871, 0.002239727647975087, 0.0006189874256961048, 0.0007381640607491136, 0.9960598349571228, 3.314578498248011e-05]"
586,0,4,"[0.06041775643825531, 0.07777386903762817, 0.06991710513830185, 0.005242194514721632, 0.4025202691555023, 0.3756917417049408, 0.008437134325504303]"
587,5,5,"[0.0009575444855727255, 0.0012402241118252277, 0.14013276994228363, 0.000840111228171736, 0.04834930598735809, 0.8084670305252075, 1.3002493687963579e-05]"
588,5,5,"[0.00023240775044541806, 0.00040818657726049423, 0.0061372071504592896, 0.0016803368926048279, 0.00090836948947981, 0.9906178116798401, 1.5680469005019404e-05]"
589,5,5,"[0.01583699882030487, 0.055255226790905, 0.348807156085968, 0.010828644037246704, 0.07475785166025162, 0.49417734146118164, 0.00033675931626930833]"
590,4,4,"[0.0006149939727038145, 0.001221243292093277, 0.1411411464214325, 0.0004260771383997053, 0.4377346336841583, 0.41317951679229736, 0.005682415794581175]"
591,5,5,"[0.00020488140580710024, 0.002021720167249441, 0.046384286135435104, 0.0003511847462505102, 0.0697217583656311, 0.8778958916664124, 0.0034201976377516985]"
592,5,5,"[8.034906204557046e-05, 0.00048490759218111634, 0.002458541886880994, 0.0008580924477428198, 0.0008819940267130733, 0.9950507283210754, 0.0001854153088061139]"
593,5,5,"[0.010083560831844807, 0.009938539937138557, 0.2996305227279663, 0.0035020611248910427, 0.0858016312122345, 0.5910165905952454, 2.7085403417004272e-05]"
594,5,5,"[0.005055847577750683, 0.01096570584923029, 0.027541466057300568, 0.0016870521940290928, 0.05175492912530899, 0.901926577091217, 0.0010684570297598839]"
595,4,5,"[0.011847748421132565, 0.026692776009440422, 0.05517230182886124, 0.0075016384944319725, 0.31146571040153503, 0.5851415395736694, 0.0021783376578241587]"
596,5,5,"[0.0001473009178880602, 0.0006539942696690559, 0.006800088565796614, 0.0005479342653416097, 0.007314909249544144, 0.9843399524688721, 0.00019578251522034407]"
597,5,5,"[0.00038211335777305067, 0.0005557198892347515, 0.2571742534637451, 0.0002639366139192134, 0.13736148178577423, 0.603705644607544, 0.0005568440537899733]"
598,4,5,"[0.002350767608731985, 0.008152415044605732, 0.0877130925655365, 0.0009395519155077636, 0.24199581146240234, 0.6549863219261169, 0.0038620943669229746]"
599,4,5,"[0.0004903866210952401, 0.0019682312849909067, 0.01536515448242426, 0.0005279259057715535, 0.3417658507823944, 0.611528217792511, 0.02835419774055481]"
600,3,0,"[0.44526249170303345, 0.07036120444536209, 0.27403393387794495, 0.14759807288646698, 0.01941573992371559, 0.04313398897647858, 0.0001944574323715642]"
601,2,1,"[0.10079586505889893, 0.7556349635124207, 0.027978798374533653, 0.034755270928144455, 0.007366295903921127, 0.06654543429613113, 0.00692339101806283]"
602,4,5,"[0.00018878988339565694, 0.002013270976021886, 0.028531823307275772, 0.00038522828253917396, 0.13776955008506775, 0.7499216198921204, 0.0811898335814476]"
603,5,5,"[0.0014598396373912692, 0.003683629212900996, 0.018066024407744408, 0.0010828115046024323, 0.09193818271160126, 0.8836163282394409, 0.00015314389020204544]"
604,4,2,"[0.10957279801368713, 0.04274654760956764, 0.6717526316642761, 0.017367862164974213, 0.098808653652668, 0.059652891010046005, 9.859923738986254e-05]"
605,2,1,"[0.25089308619499207, 0.40560880303382874, 0.12885735929012299, 0.12135743349790573, 0.042482975870370865, 0.048949841409921646, 0.0018504562322050333]"
606,5,2,"[0.015899544581770897, 0.008936535567045212, 0.8578277230262756, 0.0075543890707194805, 0.032947808504104614, 0.07678945362567902, 4.4634762161877006e-05]"
607,2,2,"[0.005637098103761673, 0.0035609041806310415, 0.6847774982452393, 0.00505882129073143, 0.10709674656391144, 0.19382743537425995, 4.1494891775073484e-05]"
608,5,5,"[0.10841403901576996, 0.07161146402359009, 0.06732238829135895, 0.014658443629741669, 0.06765986233949661, 0.6701880097389221, 0.0001457524485886097]"
609,4,5,"[0.00033736348268575966, 0.0003138443862553686, 0.04125707969069481, 0.00037185693508945405, 0.38640096783638, 0.5698028802871704, 0.0015160805778577924]"
610,2,5,"[0.12498059123754501, 0.24167568981647491, 0.13068781793117523, 0.06652796268463135, 0.14304280281066895, 0.29240721464157104, 0.0006779331597499549]"
611,4,5,"[0.006926788482815027, 0.016331864520907402, 0.04366302117705345, 0.011383346281945705, 0.03711358457803726, 0.884364902973175, 0.00021649703558068722]"
612,5,5,"[7.537817873526365e-05, 0.0006717535434290767, 0.0015172589337453246, 0.0004626941808965057, 0.0014228266663849354, 0.9955653548240662, 0.0002847358991857618]"
613,1,1,"[0.10742124170064926, 0.5075151920318604, 0.1651896834373474, 0.043702151626348495, 0.031768810003995895, 0.14256489276885986, 0.0018380832625553012]"
614,5,4,"[0.001523848157376051, 0.000832014309708029, 0.11174920201301575, 0.0006867742631584406, 0.6593061685562134, 0.22486326098442078, 0.0010386465582996607]"
615,5,5,"[3.2123676646733657e-05, 0.00014332968567032367, 0.002405799925327301, 0.0003817669057752937, 0.0008332479046657681, 0.9961446523666382, 5.9010380937252194e-05]"
616,2,5,"[0.00037058789166621864, 0.0005488709430210292, 0.07953896373510361, 0.00038476509507745504, 0.03180812671780586, 0.887341320514679, 7.425217972922837e-06]"
617,5,5,"[0.003946996293962002, 0.0030318310018628836, 0.056441765278577805, 0.0061113047413527966, 0.026014825329184532, 0.9044334888458252, 1.983694346563425e-05]"
618,5,2,"[0.10895965993404388, 0.04965618625283241, 0.5717207789421082, 0.04062780737876892, 0.1381245106458664, 0.09077882766723633, 0.00013224358553998172]"
619,4,5,"[0.01612066477537155, 0.007763492409139872, 0.13289666175842285, 0.001930871163494885, 0.3445723354816437, 0.49656814336776733, 0.00014780373021494597]"
620,5,5,"[0.00015888485359027982, 0.00022211768373381346, 0.009495262987911701, 0.0007593223126605153, 0.00126368657220155, 0.9880949258804321, 5.738580966863083e-06]"
621,5,5,"[7.0382964622695e-05, 0.00030706124380230904, 0.005272362846881151, 0.0005454455967992544, 0.0007743577007204294, 0.992992639541626, 3.7693265767302364e-05]"
622,5,2,"[0.00668179988861084, 0.027455609291791916, 0.610409677028656, 0.0070539359003305435, 0.015209637582302094, 0.33305975794792175, 0.00012960309686604887]"
623,5,5,"[0.0001469489507144317, 0.0006841266294941306, 0.1271742731332779, 0.0002961748687084764, 0.15039950609207153, 0.7181719541549683, 0.0031270831823349]"
624,5,5,"[0.0027882924769073725, 0.002331916242837906, 0.33418959379196167, 0.0020489555317908525, 0.14672423899173737, 0.5118402242660522, 7.680099224671721e-05]"
625,5,5,"[0.0005868504522368312, 0.0008579563000239432, 0.14425620436668396, 0.00037688223528675735, 0.1909594088792801, 0.6627721786499023, 0.00019051090930588543]"
626,2,5,"[0.014698298647999763, 0.14458386600017548, 0.2665390372276306, 0.038143377751111984, 0.03058065101504326, 0.4968496561050415, 0.008605124428868294]"
627,5,5,"[3.606839891290292e-05, 0.00010765601473394781, 0.006043971050530672, 0.00015310756862163544, 0.0023382992949336767, 0.9912556409835815, 6.516665598610416e-05]"
628,5,5,"[9.214625606546178e-05, 0.0006497060530818999, 0.0024682285729795694, 0.0007471759454347193, 0.0007699721027165651, 0.995061457157135, 0.0002112568326992914]"
629,5,5,"[0.001715835533104837, 0.00041142638656310737, 0.1856761872768402, 0.0008897559018805623, 0.2569965720176697, 0.554263710975647, 4.655156226363033e-05]"
630,5,5,"[9.887374471873045e-05, 0.0005436629871837795, 0.0023048578295856714, 0.0009086776990443468, 0.0006832445506006479, 0.9953145980834961, 0.00014613817620556802]"
631,6,0,"[0.43772685527801514, 0.28725185990333557, 0.1311483234167099, 0.11173813045024872, 0.01103571243584156, 0.020624851807951927, 0.0004742839082609862]"
632,5,5,"[4.261839421815239e-05, 0.00014332962746266276, 0.0036910136695951223, 0.0003060647868551314, 0.0009100394090637565, 0.9948882460594177, 1.8583756173029542e-05]"
633,5,5,"[5.7299497711937875e-05, 0.0004146480932831764, 0.0017030787421390414, 0.0005717853200621903, 0.000775751075707376, 0.9962693452835083, 0.0002081907878164202]"
634,5,4,"[0.05761997774243355, 0.05000806972384453, 0.09703463315963745, 0.010438547469675541, 0.39319995045661926, 0.3910515010356903, 0.0006473695393651724]"
635,5,2,"[0.006380049977451563, 0.0019387796055525541, 0.5647443532943726, 0.013416592963039875, 0.01425408199429512, 0.3992517292499542, 1.4364937669597566e-05]"
636,5,5,"[0.00042828379082493484, 0.0008987844339571893, 0.0347343310713768, 0.00035443538217805326, 0.3952409327030182, 0.5649258494377136, 0.0034173810854554176]"
637,5,5,"[0.0071138665080070496, 0.002163043012842536, 0.18083134293556213, 0.015850400552153587, 0.007232798263430595, 0.7867989540100098, 9.538219273963477e-06]"
638,5,5,"[0.00012600747868418694, 0.00047082125092856586, 0.11245910078287125, 0.00028168567223474383, 0.10556364804506302, 0.7775545120239258, 0.003544297069311142]"
639,1,1,"[0.02360527403652668, 0.42084816098213196, 0.041664980351924896, 0.019605623558163643, 0.05551988631486893, 0.29942765831947327, 0.13932843506336212]"
640,0,2,"[0.2700371742248535, 0.10973040759563446, 0.29737207293510437, 0.06659246236085892, 0.19182440638542175, 0.06396591663360596, 0.0004775788984261453]"
641,2,2,"[0.002848123200237751, 0.002336222678422928, 0.5480223894119263, 0.0014492095215246081, 0.07549672573804855, 0.36982032656669617, 2.6979245376423933e-05]"
642,5,1,"[0.16459783911705017, 0.4827965795993805, 0.09930968284606934, 0.05692112073302269, 0.021190885454416275, 0.17383192479610443, 0.0013520416105166078]"
643,5,5,"[0.0018136845901608467, 0.0018383892020210624, 0.03794211894273758, 0.012604855000972748, 0.0016854810528457165, 0.944087564945221, 2.7907384719583206e-05]"
644,5,5,"[0.00036225293297320604, 0.0014807014958932996, 0.03708919882774353, 0.0004747202037833631, 0.3357992172241211, 0.611084520816803, 0.013709387741982937]"
645,1,5,"[0.0054879216477274895, 0.01920212060213089, 0.09444956481456757, 0.003083758056163788, 0.19348901510238647, 0.6831715703010559, 0.0011160665890201926]"
646,5,5,"[8.499126124661416e-05, 0.00026101048570126295, 0.007768089883029461, 0.0011685998179018497, 0.0008081746054813266, 0.9898852109909058, 2.391002999502234e-05]"
647,5,5,"[3.780949555221014e-05, 0.0001505086402175948, 0.0035649766214191914, 0.00035448704147711396, 0.0008872015750966966, 0.9949836730957031, 2.1233978259260766e-05]"
648,5,5,"[0.012131216004490852, 0.03189641609787941, 0.05192175135016441, 0.003510483307763934, 0.27415210008621216, 0.6168680787086487, 0.009519950486719608]"
649,5,5,"[2.7676862373482436e-05, 0.00013089423009660095, 0.002272150944918394, 0.00018587932572700083, 0.0012022934388369322, 0.9961442947387695, 3.6882654967484996e-05]"
650,5,5,"[3.6355300835566595e-05, 0.00016049708938226104, 0.003568570129573345, 0.000416071736253798, 0.0008879460510797799, 0.9949092268943787, 2.1430018023238517e-05]"
651,1,1,"[0.12934941053390503, 0.7177911996841431, 0.01704918034374714, 0.08326271176338196, 0.0018381428672000766, 0.03967490419745445, 0.011034443974494934]"
652,2,2,"[0.02619609422981739, 0.013477874919772148, 0.8394165635108948, 0.011703753843903542, 0.05403370037674904, 0.05509207770228386, 7.98249093350023e-05]"
653,3,4,"[0.16428792476654053, 0.08484316617250443, 0.259056955575943, 0.031938452273607254, 0.30619698762893677, 0.15346883237361908, 0.0002077151002595201]"
654,1,0,"[0.3175273537635803, 0.23057259619235992, 0.22927746176719666, 0.1291542947292328, 0.02890748716890812, 0.06419312208890915, 0.00036768781137652695]"
655,5,0,"[0.3694863021373749, 0.27579373121261597, 0.05593446269631386, 0.18217425048351288, 0.013212292455136776, 0.103026382625103, 0.0003726229479070753]"
656,5,5,"[0.00036402844125404954, 0.0005140604916960001, 0.053615108132362366, 0.002351938746869564, 0.0026709032244980335, 0.9404763579368591, 7.64045944379177e-06]"
657,5,2,"[0.06185896322131157, 0.022783998399972916, 0.5116094350814819, 0.016355661675333977, 0.3065941631793976, 0.08060348778963089, 0.00019431888358667493]"
658,5,5,"[0.00018779520178213716, 0.00017343835497740656, 0.027872832491993904, 0.0008500819094479084, 0.0027914356905966997, 0.9681215882301331, 2.749776967903017e-06]"
659,5,5,"[0.0003556006704457104, 0.0005930615589022636, 0.00391546543687582, 0.0014855689369142056, 0.0012878942070528865, 0.9923530220985413, 9.426564247405622e-06]"
660,5,5,"[0.0001388391974614933, 0.00045937171671539545, 0.03561260551214218, 0.00034109994885511696, 0.22671626508235931, 0.7265645265579224, 0.010167269967496395]"
661,1,2,"[0.049199435859918594, 0.05021968483924866, 0.5066748261451721, 0.01413085125386715, 0.15513655543327332, 0.2243179827928543, 0.00032060296507552266]"
662,5,5,"[6.29944188403897e-05, 0.00022241301485337317, 0.004963794257491827, 0.0006352131604216993, 0.0007442645728588104, 0.9933503270149231, 2.1006080714869313e-05]"
663,5,5,"[0.01876063644886017, 0.0077259736135602, 0.06541883945465088, 0.004077515564858913, 0.3148941397666931, 0.589020311832428, 0.00010262794967275113]"
664,4,5,"[0.0008611117955297232, 0.004508634563535452, 0.10953325778245926, 0.0005407421267591417, 0.10440641641616821, 0.7794525027275085, 0.000697227253112942]"
665,5,2,"[0.0010151091264560819, 0.0013762969756498933, 0.4786956012248993, 0.0006724993581883609, 0.13820140063762665, 0.37977921962738037, 0.00025983111117966473]"
666,5,5,"[2.958337609015871e-05, 0.0002028919116128236, 0.0029690894298255444, 0.0004787938960362226, 0.0007982691749930382, 0.9954831600189209, 3.8168243918335065e-05]"
667,5,5,"[0.0001633506326470524, 0.0018625939264893532, 0.06010793149471283, 0.0003467058704700321, 0.06575682759284973, 0.866287112236023, 0.005475522950291634]"
668,5,5,"[0.0009210167918354273, 0.02465714141726494, 0.09443950653076172, 0.003775338875129819, 0.00938748475164175, 0.8596123456954956, 0.007207209710031748]"
669,5,5,"[2.4700040739844553e-05, 0.00013433091226033866, 0.00164941290859133, 0.00020091651822440326, 0.0012767566367983818, 0.996606707572937, 0.0001071142905857414]"
670,5,5,"[0.00013900366320740432, 0.0005622533499263227, 0.0021289982832968235, 0.00039021510747261345, 0.004017251078039408, 0.9926965832710266, 6.576652958756313e-05]"
671,5,5,"[0.00013365712948143482, 0.00024568827939219773, 0.01000560075044632, 0.00027513105305843055, 0.007328582927584648, 0.9819872975349426, 2.40141962422058e-05]"
672,5,5,"[3.189014387317002e-05, 8.094838267425075e-05, 0.004536161664873362, 0.00038651953218504786, 0.0012421031715348363, 0.9937015771865845, 2.084314292005729e-05]"
673,5,5,"[0.00038747553480789065, 0.0020855546463280916, 0.027566595003008842, 0.0005827015265822411, 0.2717336118221283, 0.5522142052650452, 0.14542986452579498]"
674,4,6,"[0.0009635930764488876, 0.005345171317458153, 0.00914833415299654, 0.0004926646943204105, 0.017545156180858612, 0.007469612639397383, 0.9590353965759277]"
675,0,5,"[0.12494467198848724, 0.09841375052928925, 0.2907487154006958, 0.020346514880657196, 0.09025709331035614, 0.37519991397857666, 8.933412755141035e-05]"
676,5,5,"[0.0003957545559387654, 0.0003990357799921185, 0.0953824445605278, 0.0009046780760399997, 0.09839817136526108, 0.8043340444564819, 0.00018589194223750383]"
677,5,5,"[1.866033926489763e-05, 0.000122003722935915, 0.0018025541212409735, 0.00014458515215665102, 0.0017119437688961625, 0.9960922598838806, 0.00010797248251037672]"
678,4,5,"[0.002654764801263809, 0.0020821159705519676, 0.23780137300491333, 0.0012387116439640522, 0.27727049589157104, 0.4788357615470886, 0.000116786926810164]"
679,5,5,"[0.00010040792403742671, 0.00016937869077082723, 0.016725808382034302, 0.0007560577942058444, 0.0014686589129269123, 0.9807732105255127, 6.376855708367657e-06]"
680,5,5,"[0.0003397833788767457, 0.00045858428347855806, 0.026232188567519188, 0.00034417147981002927, 0.3646325469017029, 0.6041772365570068, 0.0038154758512973785]"
681,2,2,"[0.1274879276752472, 0.015635907649993896, 0.49231475591659546, 0.04267652705311775, 0.1852126270532608, 0.13663676381111145, 3.5503337130649015e-05]"
682,5,5,"[0.0007436006562784314, 0.0013934987364336848, 0.03751103952527046, 0.00044268727651797235, 0.4324784278869629, 0.5233593583106995, 0.004071371164172888]"
683,5,5,"[5.397700806497596e-05, 0.00025589170400053263, 0.009213411249220371, 0.000538690946996212, 0.0023906738497316837, 0.9875125288963318, 3.477282007224858e-05]"
684,0,2,"[0.23664000630378723, 0.14579007029533386, 0.2658643126487732, 0.05552060529589653, 0.13152559101581573, 0.16443996131420135, 0.00021944350737612695]"
685,5,5,"[3.90552231692709e-05, 0.00015685609832871705, 0.00257083959877491, 0.0002611364470794797, 0.0010307920165359974, 0.9959035515785217, 3.7822042941115797e-05]"
686,1,1,"[0.2277587354183197, 0.6423050761222839, 0.01992950402200222, 0.08320234715938568, 0.002028738148510456, 0.011896522715687752, 0.012879054062068462]"
687,5,5,"[0.00042357612983323634, 0.0008021843386813998, 0.029027197510004044, 0.0003164770605508238, 0.10718898475170135, 0.8617445826530457, 0.0004969422006979585]"
688,1,1,"[0.19566884636878967, 0.5170875191688538, 0.06876593828201294, 0.10989141464233398, 0.02262108400464058, 0.08251208811998367, 0.00345309148542583]"
689,5,5,"[3.318424569442868e-05, 4.9707017751643434e-05, 0.015697762370109558, 0.0002828456345014274, 0.003391799982637167, 0.9805265665054321, 1.812128357414622e-05]"
690,2,2,"[0.17908725142478943, 0.08440675586462021, 0.32311326265335083, 0.0396081767976284, 0.23723939061164856, 0.13634860515594482, 0.0001965522242244333]"
691,5,0,"[0.4156626760959625, 0.18117563426494598, 0.15756137669086456, 0.0808541402220726, 0.08545172214508057, 0.07907734811306, 0.00021714603644795716]"
692,4,5,"[0.00024365268473047763, 0.0003589099505916238, 0.03752628713846207, 0.00019526522373780608, 0.1385188102722168, 0.8229999542236328, 0.00015721052477601916]"
693,5,5,"[0.0001165220164693892, 0.0006365979788824916, 0.0018184380605816841, 0.0009964180644601583, 0.0007439341279678047, 0.9955295920372009, 0.00015855579113122076]"
694,0,0,"[0.5933679342269897, 0.24245737493038177, 0.04973738640546799, 0.07643739134073257, 0.004496394190937281, 0.03281101584434509, 0.0006924482295289636]"
695,5,5,"[1.460103794670431e-05, 0.00010885816300287843, 0.0039043116848915815, 0.00038677226984873414, 0.0011824050452560186, 0.9943299293518066, 7.318986172322184e-05]"
696,5,5,"[6.670775474049151e-05, 0.00011620887380558997, 0.013648530468344688, 0.0004897592589259148, 0.0016232139896601439, 0.9840489625930786, 6.610621312574949e-06]"
697,5,5,"[0.00023372560099232942, 0.0003067492798436433, 0.11073636263608932, 0.00034288925235159695, 0.1809075027704239, 0.7069701552391052, 0.0005025286227464676]"
698,5,5,"[3.203483356628567e-05, 0.0001930905127665028, 0.001668633078224957, 0.0003872038214467466, 0.0008182413876056671, 0.996785044670105, 0.0001156985672423616]"
699,5,5,"[0.00013122439850121737, 0.0004628067254088819, 0.022496121004223824, 0.00026737601729109883, 0.11337421089410782, 0.8598851561546326, 0.0033830825705081224]"
700,5,5,"[4.158110459684394e-05, 0.00028446110081858933, 0.001956430496647954, 0.0006019414868205786, 0.0007107853307388723, 0.9963153004646301, 8.957047248259187e-05]"
701,5,5,"[6.221231888048351e-05, 0.00016031257109716535, 0.00612536258995533, 0.00029548091697506607, 0.0013407353544607759, 0.9919824004173279, 3.346358789713122e-05]"
702,0,1,"[0.1913968026638031, 0.6473979949951172, 0.02612069994211197, 0.0596650093793869, 0.007569636218249798, 0.06475764513015747, 0.0030921893194317818]"
703,0,0,"[0.5663678646087646, 0.2361956387758255, 0.09122426062822342, 0.08479920774698257, 0.008969944901764393, 0.011455100029706955, 0.0009880197467282414]"
704,5,5,"[0.0011492612538859248, 0.010845690034329891, 0.014508439227938652, 0.0008656241116113961, 0.017287544906139374, 0.9550039768218994, 0.00033943631569854915]"
705,5,2,"[0.10644397139549255, 0.049540888518095016, 0.7248445153236389, 0.02983834408223629, 0.05079016461968422, 0.038290370255708694, 0.0002516724925953895]"
706,5,5,"[3.097522130701691e-05, 0.00016320902795996517, 0.004290782380849123, 0.0004811834660358727, 0.0008401377126574516, 0.9941674470901489, 2.632573523442261e-05]"
707,6,6,"[0.00011189969518454745, 0.0018516113050282001, 0.0004328708746470511, 0.0003878964053001255, 0.0007825067150406539, 0.0022277184762060642, 0.9942055344581604]"
708,5,5,"[2.0499513993854634e-05, 7.395970897050574e-05, 0.0071173785254359245, 0.0003848873602692038, 0.0015789789613336325, 0.9907858371734619, 3.841823127004318e-05]"
709,5,5,"[2.667875924089458e-05, 9.438852430321276e-05, 0.0034787917975336313, 0.00021473702508956194, 0.001212692353874445, 0.9949488639831543, 2.3852642698329873e-05]"
710,3,4,"[0.24561023712158203, 0.16156010329723358, 0.20016072690486908, 0.02327883243560791, 0.2683691680431366, 0.0996670201420784, 0.001353941741399467]"
711,0,0,"[0.39620643854141235, 0.28220808506011963, 0.16013748943805695, 0.12150266021490097, 0.016492944210767746, 0.022571496665477753, 0.0008809218998067081]"
712,5,5,"[0.00031260267132893205, 0.0003914661065209657, 0.031632743775844574, 0.00028315975214354694, 0.36144956946372986, 0.6032966375350952, 0.0026339038740843534]"
713,5,5,"[3.7635298212990165e-05, 0.00015078618889674544, 0.003485193708911538, 0.0003040441661141813, 0.0009095908026210964, 0.9950774312019348, 3.538656164892018e-05]"
714,5,5,"[2.6288418666808866e-05, 7.411034312099218e-05, 0.0043082633055746555, 0.0001998181687667966, 0.0019751074723899364, 0.993382453918457, 3.4000768209807575e-05]"
715,5,5,"[0.00017341187049169093, 0.0010693835793063045, 0.04090398922562599, 0.00021939320140518248, 0.09269605576992035, 0.863506555557251, 0.0014311951817944646]"
716,5,5,"[0.00018423171422909945, 0.00021157388982828707, 0.011120887473225594, 0.000826230098027736, 0.0014420527731999755, 0.9862098097801208, 5.161625722394092e-06]"
717,5,5,"[3.7430389056680724e-05, 0.0001665437303017825, 0.0037512534763664007, 0.000377231917809695, 0.0008761390927247703, 0.9947494864463806, 4.196020745439455e-05]"
718,5,5,"[8.00518537289463e-05, 0.00020106502051930875, 0.007436757441610098, 0.0007025174563750625, 0.0010133960749953985, 0.9905563592910767, 9.836132448981516e-06]"
719,5,5,"[6.221319199539721e-05, 0.00026512122713029385, 0.0019581131637096405, 0.0005055887741036713, 0.0007487608236260712, 0.9964202642440796, 3.998489410150796e-05]"
720,5,5,"[2.5827572244452313e-05, 0.00019784196047112346, 0.0017212798120453954, 0.0002976240066345781, 0.0009246034314855933, 0.9966475367546082, 0.00018524589540902525]"
721,5,5,"[9.359105752082542e-05, 0.00011862699466291815, 0.0164345670491457, 0.000627793837338686, 0.0018952726386487484, 0.9808242321014404, 5.945972588961013e-06]"
722,5,5,"[9.45483916439116e-05, 0.00026524695567786694, 0.004505848977714777, 0.0009704999392852187, 0.0008369631832465529, 0.9933016300201416, 2.5314420781796798e-05]"
723,5,5,"[0.0007130033918656409, 0.0029311201069504023, 0.10284612327814102, 0.0005914780776947737, 0.040899958461523056, 0.851875901222229, 0.0001425171212758869]"
724,4,5,"[0.0019148049177601933, 0.005875858012586832, 0.2180708348751068, 0.0006587125244550407, 0.23908744752407074, 0.5321462750434875, 0.0022461002226918936]"
725,5,2,"[0.003727618372067809, 0.001985512673854828, 0.47475695610046387, 0.004671057220548391, 0.17064736783504486, 0.34415116906166077, 6.0396025219233707e-05]"
726,5,5,"[0.0008096937672235072, 0.007834686897695065, 0.023267323151230812, 0.0008595135877840221, 0.041690610349178314, 0.9230319857597351, 0.002506289165467024]"
727,5,5,"[0.00028034334536641836, 0.0011073908535763621, 0.07666312903165817, 0.0005251189577393234, 0.2102348506450653, 0.6868033409118652, 0.02438581921160221]"
728,5,5,"[6.252846651477739e-05, 0.00013498101907316595, 0.006841784343123436, 0.0005105757736600935, 0.0011086984304711223, 0.991331934928894, 9.564319952914957e-06]"
729,5,5,"[0.0012493192916736007, 0.0010398982558399439, 0.01922866329550743, 0.0007335297996178269, 0.2544593811035156, 0.7222628593444824, 0.0010264068841934204]"
730,5,5,"[0.0017449675360694528, 0.003423184622079134, 0.05632605031132698, 0.0008547035977244377, 0.3402818739414215, 0.5963615775108337, 0.0010075427126139402]"
731,5,5,"[0.0001962623791769147, 0.0005058604292571545, 0.01104299258440733, 0.0016151911113411188, 0.0008896946674212813, 0.9857236742973328, 2.632724317663815e-05]"
732,5,5,"[0.0001591329782968387, 0.0005946104065515101, 0.004683795850723982, 0.000642967876046896, 0.0009464933536946774, 0.9929639101028442, 9.029005013871938e-06]"
733,4,4,"[0.0009613271104171872, 0.0013698824914172292, 0.04744246229529381, 0.0004946284461766481, 0.540520966053009, 0.4056563377380371, 0.0035543350968509912]"
734,5,5,"[0.00010646296868799254, 0.00070497568231076, 0.027260232716798782, 0.000525668088812381, 0.005381383467465639, 0.9649126529693604, 0.0011086418526247144]"
735,2,0,"[0.5161864161491394, 0.19677452743053436, 0.1725422888994217, 0.09023652225732803, 0.010874606668949127, 0.012616109102964401, 0.0007695736130699515]"
736,1,0,"[0.4798429608345032, 0.2555266320705414, 0.11136658489704132, 0.03179963678121567, 0.05973353981971741, 0.06133873388171196, 0.00039187795482575893]"
737,5,5,"[3.0352048270287924e-05, 0.00013425800716504455, 0.0020304142963141203, 0.00024030615168157965, 0.0010216835653409362, 0.9965008497238159, 4.214310320094228e-05]"
738,5,5,"[6.169494008645415e-05, 0.00011801638902397826, 0.004847821779549122, 0.00031885644420981407, 0.001375681604258716, 0.9932709336280823, 6.94097207087907e-06]"
739,0,1,"[0.38167670369148254, 0.43024370074272156, 0.04829297959804535, 0.06406853348016739, 0.02060808427631855, 0.054095301777124405, 0.0010146950371563435]"
740,5,5,"[0.0011496221413835883, 0.0012923243921250105, 0.02596466802060604, 0.0004677728866226971, 0.4427575170993805, 0.5252472758293152, 0.003120840759947896]"
741,5,5,"[0.0003297691873740405, 0.001094421255402267, 0.05398555472493172, 0.00035931001184508204, 0.21993513405323029, 0.7224437594413757, 0.001852088258601725]"
742,4,5,"[0.0274081751704216, 0.011370766907930374, 0.24979332089424133, 0.006142688915133476, 0.17776905000209808, 0.5274900794029236, 2.599009167170152e-05]"
743,5,5,"[3.190889037796296e-05, 0.00019936914031859487, 0.0016762863378971815, 0.00035565823782235384, 0.0008064747089520097, 0.9968377351760864, 9.245319961337373e-05]"
744,5,5,"[6.583308277186006e-05, 0.00018274849571753293, 0.004187046550214291, 0.00045468771713785827, 0.0009258710197173059, 0.9941704273223877, 1.3370030501391739e-05]"
745,2,2,"[0.010106348432600498, 0.003982489462941885, 0.4187619388103485, 0.002757854526862502, 0.3787902891635895, 0.18547728657722473, 0.0001238169934367761]"
746,4,5,"[0.0008470682078041136, 0.0012881134171038866, 0.06347394734621048, 0.0006640686187893152, 0.09615675359964371, 0.8375122547149658, 5.787324334960431e-05]"
747,1,1,"[0.05267006903886795, 0.6029579639434814, 0.0526597797870636, 0.090606190264225, 0.003786143846809864, 0.06012298911809921, 0.13719680905342102]"
748,5,5,"[3.8991711335256696e-05, 0.0002267802628921345, 0.0022399993613362312, 0.0005000949022360146, 0.0007595625938847661, 0.996178388595581, 5.614923793473281e-05]"
749,5,5,"[2.741171010711696e-05, 6.78268406772986e-05, 0.007362621836364269, 0.000152311593410559, 0.0031963475048542023, 0.9891805052757263, 1.2948090443387628e-05]"
750,5,5,"[3.598416151362471e-05, 0.0001291329099331051, 0.002222785260528326, 0.00025460743927396834, 0.001100072986446321, 0.9962322115898132, 2.5260667825932615e-05]"
751,4,5,"[0.0012846970930695534, 0.0011648002546280622, 0.08421999961137772, 0.000527341675478965, 0.026215435937047005, 0.8865801095962524, 7.642720447620377e-06]"
752,5,5,"[1.5574338249280117e-05, 0.00010624519200064242, 0.001610750099644065, 0.00020319363102316856, 0.001317241694778204, 0.9966098666191101, 0.00013714798842556775]"
753,5,5,"[0.003539570141583681, 0.022523898631334305, 0.2935338616371155, 0.003293040208518505, 0.26517999172210693, 0.39084792137145996, 0.021081676706671715]"
754,5,5,"[0.0027577851433306932, 0.0013621588004752994, 0.11920703947544098, 0.009430320002138615, 0.00408834358677268, 0.8631436824798584, 1.0685375855246093e-05]"
755,1,1,"[0.1295672357082367, 0.6887491345405579, 0.025519222021102905, 0.07044482231140137, 0.007976085878908634, 0.06414645910263062, 0.013597063720226288]"
756,2,1,"[0.1481260359287262, 0.34099462628364563, 0.15084907412528992, 0.12039491534233093, 0.07491298764944077, 0.1602145880460739, 0.004507808946073055]"
757,6,6,"[9.802541899261996e-05, 0.0026037616189569235, 0.0011954469373449683, 0.001117610721848905, 0.002026856644079089, 0.03883993253111839, 0.9541183710098267]"
758,3,5,"[0.01767336204648018, 0.0062940544448792934, 0.2759249806404114, 0.06578236818313599, 0.007739656139165163, 0.626518964767456, 6.66590131004341e-05]"
759,5,5,"[0.0006892696837894619, 0.0004849627148360014, 0.04734756425023079, 0.00037181979860179126, 0.4491090774536133, 0.5001245737075806, 0.0018728073919191957]"
760,2,0,"[0.4615793228149414, 0.08444946259260178, 0.31118351221084595, 0.09327249228954315, 0.026829199865460396, 0.022459469735622406, 0.00022652452753391117]"
761,4,4,"[0.005367139354348183, 0.0013881116174161434, 0.15007096529006958, 0.0014413431053981185, 0.6304997205734253, 0.21102280914783478, 0.00020985712762922049]"
762,2,2,"[0.1308755874633789, 0.10172675549983978, 0.426917165517807, 0.02476372942328453, 0.152072012424469, 0.16330699622631073, 0.0003377021639607847]"
763,5,5,"[0.05269332975149155, 0.17696993052959442, 0.03781016170978546, 0.010093743912875652, 0.12160114198923111, 0.5897496342658997, 0.011081987991929054]"
764,5,5,"[0.002147599821910262, 0.005145486909896135, 0.022556057199835777, 0.0012601636117324233, 0.06145885959267616, 0.9067940711975098, 0.0006377185345627367]"
765,1,2,"[0.05369105935096741, 0.22413469851016998, 0.28952375054359436, 0.021044034510850906, 0.11851213127374649, 0.2880944013595581, 0.0049999007023870945]"
766,5,5,"[6.333005148917437e-05, 0.000353816692950204, 0.0016173971816897392, 0.0005520493723452091, 0.0007483181543648243, 0.9965859651565552, 7.910378189990297e-05]"
767,5,5,"[0.0006889129290357232, 0.0013289519120007753, 0.035110507160425186, 0.0003604648809414357, 0.22627805173397064, 0.734832763671875, 0.0014003196265548468]"
768,5,4,"[0.0057449727319180965, 0.0025421276222914457, 0.12100870907306671, 0.0016266467282548547, 0.5662916898727417, 0.30246537923812866, 0.0003204629465471953]"
769,5,5,"[0.0014930666657164693, 0.002948387060314417, 0.1416875422000885, 0.0008891074685379863, 0.046856775879859924, 0.8060930371284485, 3.214450043742545e-05]"
770,5,5,"[5.773614611825906e-05, 0.0001279037824133411, 0.007044933270663023, 0.00046386077883653343, 0.00114061264321208, 0.9911559820175171, 8.894815437088255e-06]"
771,4,5,"[0.001208987203426659, 0.001110602985136211, 0.021017901599407196, 0.0005001203971914947, 0.42198416590690613, 0.5517489314079285, 0.0024292897433042526]"
772,5,5,"[0.00015163363423198462, 0.0004866327508352697, 0.004327282775193453, 0.00115063542034477, 0.0007353297551162541, 0.9930930137634277, 5.552246511797421e-05]"
773,5,5,"[5.008109656046145e-05, 0.00019403999613132328, 0.0035245593171566725, 0.0006658869097009301, 0.000759724120143801, 0.9947693943977356, 3.6384320992510766e-05]"
774,4,5,"[0.0011189196957275271, 0.0016567911952733994, 0.1349031925201416, 0.0008952002390287817, 0.30339106917381287, 0.5545161962509155, 0.0035186605527997017]"
775,5,5,"[3.529815876390785e-05, 0.00014338256733026356, 0.003127837087959051, 0.0003436083788983524, 0.0008724700310267508, 0.995452344417572, 2.5046329028555192e-05]"
776,5,5,"[8.802230149740353e-05, 0.00034816499100998044, 0.004325335845351219, 0.0008218030561693013, 0.0007048560655675828, 0.9936675429344177, 4.429493492352776e-05]"
777,2,2,"[0.010095233097672462, 0.025559961795806885, 0.7828966975212097, 0.01638386771082878, 0.013964197598397732, 0.15084344148635864, 0.0002566710754763335]"
778,5,5,"[2.9385528250713833e-05, 0.00017588207265362144, 0.0030409134924411774, 0.0006505226483568549, 0.0007463039946742356, 0.9952968955039978, 6.0181384469615296e-05]"
779,5,5,"[4.3341580749256536e-05, 0.0003449781215749681, 0.002402860438451171, 0.0005480567342601717, 0.0006620266940444708, 0.9958212375640869, 0.0001774308766471222]"
780,5,5,"[1.488430098106619e-05, 0.00013357064744923264, 0.002108184387907386, 0.0001461225765524432, 0.0018235412426292896, 0.9954569339752197, 0.00031676399521529675]"
781,5,5,"[6.596104503842071e-05, 0.00011112478387076408, 0.006573893595486879, 0.00024782607215456665, 0.0019588202703744173, 0.9910373687744141, 4.908018581772922e-06]"
782,5,5,"[0.0006401417194865644, 0.0010822938056662679, 0.3365543484687805, 0.0005188382929190993, 0.13732360303401947, 0.5231128931045532, 0.0007678595138713717]"
783,0,0,"[0.3037737011909485, 0.2444254606962204, 0.14416395127773285, 0.18061508238315582, 0.026888499036431313, 0.09939473122358322, 0.0007386161014437675]"
784,5,5,"[0.0006521345931105316, 0.0061960904859006405, 0.06788800656795502, 0.0009687768178991973, 0.23517367243766785, 0.651238739490509, 0.037882570177316666]"
785,5,5,"[0.00015736499335616827, 0.0008142415317706764, 0.003266658866778016, 0.0020676045678555965, 0.0006663637468591332, 0.9928143620491028, 0.000213444625842385]"
786,5,5,"[0.0006127931992523372, 0.0007591611356474459, 0.1167752742767334, 0.0003976830339524895, 0.3690812587738037, 0.5113512873649597, 0.001022563548758626]"
787,5,5,"[0.00048165631596930325, 0.0008984941523522139, 0.046490613371133804, 0.0004931099829263985, 0.4072074294090271, 0.5407004356384277, 0.0037282733246684074]"
788,5,5,"[0.00025500787887722254, 0.00026837855693884194, 0.08187472820281982, 0.0002717873430810869, 0.25223058462142944, 0.664569079875946, 0.000530437973793596]"
789,2,2,"[0.006581892725080252, 0.003749476745724678, 0.7874575853347778, 0.0074875312857329845, 0.06926167756319046, 0.12539757788181305, 6.430333451135084e-05]"
790,5,5,"[0.00011289674148429185, 0.0006544748321175575, 0.008007640019059181, 0.00023198402777779847, 0.0803026407957077, 0.901541531085968, 0.009148754179477692]"
791,5,4,"[0.00957857258617878, 0.010358116589486599, 0.09124947339296341, 0.001828389591537416, 0.5268969535827637, 0.3577749729156494, 0.0023136232048273087]"
792,1,1,"[0.1727273315191269, 0.7133073210716248, 0.021436071023344994, 0.060362812131643295, 0.0034320722334086895, 0.02235827036201954, 0.006376160774379969]"
793,5,5,"[0.001964923460036516, 0.001928940648213029, 0.025288447737693787, 0.0028221539687365294, 0.015361795201897621, 0.9526215195655823, 1.2271469131519552e-05]"
794,5,5,"[7.781921158311889e-05, 0.00018795837240759283, 0.005016649141907692, 0.0006012505618855357, 0.0008997744298540056, 0.993202805519104, 1.37669621835812e-05]"
795,5,5,"[0.0010180833050981164, 0.0019077633041888475, 0.12203646451234818, 0.001687152311205864, 0.061364296823740005, 0.8119380474090576, 4.819030800717883e-05]"
796,5,5,"[0.0008745259838178754, 0.0011822049273177981, 0.007100387010723352, 0.005896516144275665, 0.0011756138410419226, 0.9837213158607483, 4.9419246352044865e-05]"
797,6,6,"[5.479426181409508e-05, 0.000627722532954067, 0.0008669972303323448, 0.0003214289026800543, 0.0021256713662296534, 0.004563104826956987, 0.9914402961730957]"
798,0,2,"[0.04898608848452568, 0.03178112208843231, 0.7789875864982605, 0.01882590353488922, 0.03609839826822281, 0.08524779975414276, 7.307135092560202e-05]"
799,5,5,"[8.249626989709213e-05, 0.00017989582556765527, 0.007316142320632935, 0.0007039755000732839, 0.0009868534980341792, 0.990718424320221, 1.2156565389886964e-05]"
800,2,2,"[0.17139007151126862, 0.0625685378909111, 0.5451195240020752, 0.019836151972413063, 0.1318361759185791, 0.06907026469707489, 0.00017928017769008875]"
801,4,5,"[0.0013740404974669218, 0.006462106015533209, 0.004199119750410318, 0.0011316100135445595, 0.01882200688123703, 0.9667002558708191, 0.0013108334969729185]"
802,4,4,"[0.013393176719546318, 0.004360078368335962, 0.06484029442071915, 0.0017954785143956542, 0.5086517333984375, 0.40682166814804077, 0.0001375761057715863]"
803,5,5,"[0.0008171771187335253, 0.008200285024940968, 0.002449882449582219, 0.005498060956597328, 0.0015602577477693558, 0.9799932837486267, 0.0014810273423790932]"
804,5,5,"[4.842928683501668e-05, 0.0002378704521106556, 0.002414203714579344, 0.0005844064289703965, 0.0007242071442306042, 0.9959398508071899, 5.102562499814667e-05]"
805,4,2,"[0.008770965971052647, 0.0036893945652991533, 0.7800430059432983, 0.009727095253765583, 0.034315574914216995, 0.16340407729148865, 4.989356602891348e-05]"
806,6,5,"[0.0035181292332708836, 0.03427436575293541, 0.025385040789842606, 0.005505004432052374, 0.12641628086566925, 0.6066904664039612, 0.1982107013463974]"
807,2,0,"[0.5458511710166931, 0.2047421932220459, 0.09828444570302963, 0.11552949994802475, 0.010481278412044048, 0.024703867733478546, 0.0004075615433976054]"
808,5,5,"[0.00010440461483085528, 0.00031215124181471765, 0.02499874122440815, 0.0015892385272309184, 0.0016752592055127025, 0.9713038206100464, 1.6473681171191856e-05]"
809,5,5,"[2.9702287065447308e-05, 0.00012977150618098676, 0.003016416449099779, 0.000413065601605922, 0.0008589705103076994, 0.9955195188522339, 3.2401814678451046e-05]"
810,5,5,"[0.00017539545660838485, 0.001182476757094264, 0.05904652923345566, 0.0002939666446764022, 0.08772145211696625, 0.8500981330871582, 0.0014820186188444495]"
811,5,5,"[0.000875697354786098, 0.001155204139649868, 0.24762101471424103, 0.0004909682902507484, 0.13398940861225128, 0.615667462348938, 0.0002001846005441621]"
812,5,4,"[0.0018878758419305086, 0.0018598854076117277, 0.03275228291749954, 0.0012852756772190332, 0.5870375037193298, 0.36836764216423035, 0.006809526588767767]"
813,5,5,"[0.0018194038420915604, 0.03762708976864815, 0.03259945660829544, 0.0019673206843435764, 0.02949414774775505, 0.8856579065322876, 0.010834631510078907]"
814,4,4,"[0.0012131037656217813, 0.0010770574444904923, 0.042299043387174606, 0.00044738236465491354, 0.6916267275810242, 0.2537660002708435, 0.009570625610649586]"
815,5,5,"[5.146913827047683e-05, 0.00015954197442624718, 0.003931235522031784, 0.00046429166104644537, 0.0008661363972350955, 0.9945101737976074, 1.711652657832019e-05]"
816,5,5,"[0.0001445802627131343, 0.0004392499104142189, 0.08790163695812225, 0.00031615333864465356, 0.19996492564678192, 0.7070519924163818, 0.004181460943073034]"
817,2,2,"[0.10108236968517303, 0.0838741585612297, 0.6246415376663208, 0.017215542495250702, 0.07948779314756393, 0.09310723841190338, 0.0005912765627726912]"
818,5,5,"[5.556266478379257e-05, 0.00028484530048444867, 0.018250007182359695, 0.0011339746415615082, 0.0017238574801012874, 0.9785052537918091, 4.652779898606241e-05]"
819,4,4,"[0.009437277913093567, 0.021970611065626144, 0.02538262866437435, 0.007540230639278889, 0.5825033187866211, 0.340753972530365, 0.012411927804350853]"
820,3,0,"[0.5804855227470398, 0.1434709131717682, 0.12757377326488495, 0.06373924016952515, 0.011188163422048092, 0.07332935929298401, 0.00021305344125721604]"
821,5,5,"[0.0001307167549384758, 0.0004012242134194821, 0.0042278156615793705, 0.0010410830145701766, 0.0006996294250711799, 0.9934635162353516, 3.596007081796415e-05]"
822,5,5,"[0.0013583720428869128, 0.0014226280618458986, 0.09494630992412567, 0.0005550610367208719, 0.33985766768455505, 0.5616245865821838, 0.00023533737112302333]"
823,5,1,"[0.08807402104139328, 0.40065115690231323, 0.09116538614034653, 0.024189814925193787, 0.07403486222028732, 0.3191847503185272, 0.0026999679394066334]"
824,5,5,"[9.289688023272902e-05, 0.00018982325855176896, 0.02369704842567444, 0.0002771603758446872, 0.014303451403975487, 0.9612182974815369, 0.00022126612020656466]"
825,5,5,"[2.5965046006604098e-05, 0.00015341317339334637, 0.001751330797560513, 0.0002315109159098938, 0.0011117907706648111, 0.996605396270752, 0.000120555552712176]"
826,4,4,"[0.00034143641823902726, 0.000618878286331892, 0.059007301926612854, 0.0006892217788845301, 0.5179939270019531, 0.3130447566509247, 0.10830448567867279]"
827,5,5,"[8.006613643374294e-05, 0.00038003840018063784, 0.007293091621249914, 0.0003793541691266, 0.0009984353091567755, 0.990815281867981, 5.3579082305077463e-05]"
828,3,2,"[0.2213345766067505, 0.07785143703222275, 0.2995380461215973, 0.05263083428144455, 0.18035650253295898, 0.16816988587379456, 0.00011875837662955746]"
829,5,2,"[0.029476206749677658, 0.011136113665997982, 0.629210889339447, 0.011947357095777988, 0.2374514490365982, 0.0805961936712265, 0.00018179405014961958]"
830,5,0,"[0.49548542499542236, 0.22390606999397278, 0.11450278013944626, 0.06030278280377388, 0.03544199839234352, 0.07017446309328079, 0.0001864888909040019]"
831,5,5,"[0.0002922343264799565, 0.0013216508086770773, 0.020044978708028793, 0.0005213748081587255, 0.30308473110198975, 0.48824501037597656, 0.186489999294281]"
832,1,1,"[0.027114829048514366, 0.5331963300704956, 0.05093912035226822, 0.027369672432541847, 0.011706376448273659, 0.31208473443984985, 0.03758889436721802]"
833,2,2,"[0.006072872318327427, 0.03690074011683464, 0.5759267210960388, 0.005641972180455923, 0.04448319226503372, 0.3280945420265198, 0.002879975363612175]"
834,5,5,"[6.899863365106285e-05, 0.0005514358053915203, 0.0025886683724820614, 0.000490949023514986, 0.0007402007468044758, 0.9954801797866821, 7.956278568599373e-05]"
835,5,5,"[4.5768756535835564e-05, 9.81457342277281e-05, 0.004274286795407534, 0.00027121914899908006, 0.0013076523318886757, 0.9939929842948914, 9.97078950604191e-06]"
836,5,5,"[2.9881883165217005e-05, 0.00014107026800047606, 0.002898713806644082, 0.0003578024043235928, 0.0008613388636149466, 0.9956716299057007, 3.9511025534011424e-05]"
837,5,5,"[1.644052281335462e-05, 0.00010075700265588239, 0.003000809345394373, 0.0002206735371146351, 0.0013343686005100608, 0.9952685236930847, 5.8369707403471693e-05]"
838,5,5,"[3.625874887802638e-05, 0.00023733948182780296, 0.009206289425492287, 0.0012389037292450666, 0.005353367887437344, 0.9837350845336914, 0.00019266897288616747]"
839,5,5,"[1.0913698133663274e-05, 4.6326120354933664e-05, 0.007672377396374941, 0.00017867032147478312, 0.003912328276783228, 0.9880936741828918, 8.577397966291755e-05]"
840,2,2,"[0.0022848700173199177, 0.01197126880288124, 0.5782075524330139, 0.004483775235712528, 0.009409777820110321, 0.3933819532394409, 0.0002608081267680973]"
841,5,5,"[0.00011011017340933904, 0.00020995194790884852, 0.004685921594500542, 0.0006752944318577647, 0.0009746150462888181, 0.9933331608772278, 1.0902092981268652e-05]"
842,5,5,"[0.012997263111174107, 0.12024731934070587, 0.03504004701972008, 0.007527653593569994, 0.14262841641902924, 0.625018835067749, 0.056540489196777344]"
843,5,5,"[0.00037385965697467327, 0.004171815700829029, 0.05027581751346588, 0.0006899848231114447, 0.1750224232673645, 0.7314813733100891, 0.03798474371433258]"
844,2,2,"[0.15994127094745636, 0.02941039390861988, 0.6902320384979248, 0.04872739687561989, 0.028806593269109726, 0.04279544949531555, 8.688523666933179e-05]"
845,4,4,"[0.005419663619250059, 0.0049980110488832, 0.2833472490310669, 0.0011791375000029802, 0.3656400144100189, 0.3391551077365875, 0.00026090495521202683]"
846,4,4,"[0.004913130309432745, 0.003847521962597966, 0.09507876634597778, 0.0012728137662634254, 0.7172545790672302, 0.13138914108276367, 0.046244066208601]"
847,5,5,"[0.0002285532682435587, 0.0007270872592926025, 0.010665716603398323, 0.0016073379665613174, 0.0008849296718835831, 0.985862672328949, 2.358207893848885e-05]"
848,5,5,"[0.004713539965450764, 0.001607720972970128, 0.10382621735334396, 0.001533957663923502, 0.10504837334156036, 0.783259391784668, 1.0846869372471701e-05]"
849,4,5,"[0.0013490557903423905, 0.0021397483069449663, 0.11880242824554443, 0.0007522495579905808, 0.26431161165237427, 0.6124287247657776, 0.00021610844123642892]"
850,5,2,"[0.008031852543354034, 0.007295151706784964, 0.7438106536865234, 0.0036982879973948, 0.025098714977502823, 0.21202871203422546, 3.660795482574031e-05]"
851,5,5,"[2.4173012207029387e-05, 0.00012774822243954986, 0.0027667703106999397, 0.0002042378473561257, 0.0011788757983595133, 0.9956056475639343, 9.259855141863227e-05]"
852,5,5,"[0.00011660434392979369, 0.0007271949434652925, 0.052851662039756775, 0.0002285069494973868, 0.059215422719717026, 0.8858592510223389, 0.0010013571009039879]"
853,2,2,"[0.0242446456104517, 0.01739252172410488, 0.7875630855560303, 0.0045803324319422245, 0.06964671611785889, 0.09647335857152939, 9.933252295013517e-05]"
854,5,5,"[8.26288087409921e-05, 0.00020834064343944192, 0.004665512125939131, 0.0005326500977389514, 0.0009358134702779353, 0.9935657382011414, 9.32300554268295e-06]"
855,5,5,"[0.0009585369261913002, 0.0004810451646335423, 0.048372481018304825, 0.00048099466948769987, 0.2398664355278015, 0.7096303701400757, 0.00021014704543631524]"
856,5,5,"[0.0001558226504130289, 0.0011636564740911126, 0.0028908944223076105, 0.0023680366575717926, 0.0008195852860808372, 0.9914690256118774, 0.0011330670677125454]"
857,5,5,"[5.1694874855456874e-05, 0.0002155697875423357, 0.003387600416317582, 0.000683116668369621, 0.0007524207467213273, 0.994877278804779, 3.2275838748319075e-05]"
858,5,5,"[3.1372524972539395e-05, 9.029640932567418e-05, 0.007163694594055414, 0.00037039481685496867, 0.0013336370466277003, 0.9910011887550354, 9.48601882555522e-06]"
859,5,4,"[0.0006674579926766455, 0.002006537513807416, 0.2685930132865906, 0.0016626572469249368, 0.3367517292499542, 0.3322821855545044, 0.05803637206554413]"
860,5,5,"[0.0003608673287089914, 0.0004806274373549968, 0.010705343447625637, 0.0020457857754081488, 0.0011183941969648004, 0.9852796792984009, 9.24016785575077e-06]"
861,2,0,"[0.4062941372394562, 0.23326562345027924, 0.15756377577781677, 0.07156675308942795, 0.0811733677983284, 0.049563970416784286, 0.0005723338108509779]"
862,5,5,"[0.00042645714711397886, 0.0015856557292863727, 0.012821594253182411, 0.0005473525379784405, 0.12472958117723465, 0.8542395830154419, 0.005649809259921312]"
863,5,5,"[0.038200899958610535, 0.005562309641391039, 0.34667345881462097, 0.026997635141015053, 0.03988200053572655, 0.5426763892173767, 7.364215889538173e-06]"
864,5,5,"[0.0004967348068021238, 0.002874725731089711, 0.01379895955324173, 0.0005634183180518448, 0.018758829683065414, 0.9633074998855591, 0.00019986384722869843]"
865,5,5,"[4.9974783905781806e-05, 0.00017418160859961063, 0.0033583305776119232, 0.0003667051496449858, 0.0009183104848489165, 0.9951040744781494, 2.8524727895273827e-05]"
866,5,5,"[0.0004073243180755526, 0.0010200185934081674, 0.0042154062539339066, 0.0037966654635965824, 0.0007907653343863785, 0.9897071123123169, 6.268681318033487e-05]"
867,5,5,"[0.0003492383402772248, 0.00133774324785918, 0.1190946102142334, 0.0008169790380634367, 0.25461265444755554, 0.546794056892395, 0.0769946426153183]"
868,5,5,"[0.00012970251555088907, 0.0007238055695779622, 0.0030636750161647797, 0.0008630345109850168, 0.0007633297936990857, 0.9943366646766663, 0.00011980841372860596]"
869,2,2,"[0.02184896357357502, 0.05426550284028053, 0.383054256439209, 0.003486604429781437, 0.22137458622455597, 0.31159549951553345, 0.004374597687274218]"
870,1,4,"[0.15835194289684296, 0.05896944925189018, 0.20032185316085815, 0.014937536790966988, 0.2943621873855591, 0.2728100121021271, 0.00024704483803361654]"
871,5,5,"[4.308266579755582e-05, 0.00019216387590859085, 0.002903200453147292, 0.00037744164001196623, 0.0008492753840982914, 0.9956087470054626, 2.6105002689291723e-05]"
872,4,0,"[0.32716476917266846, 0.23680870234966278, 0.17854054272174835, 0.12805891036987305, 0.07692285627126694, 0.05140749737620354, 0.001096809282898903]"
873,5,5,"[0.0004694661183748394, 0.0035434577148407698, 0.023720789700746536, 0.0005672609549947083, 0.13945837318897247, 0.823786735534668, 0.008453940972685814]"
874,5,5,"[0.0035171026829630136, 0.03289242461323738, 0.038051050156354904, 0.002137289149686694, 0.11389750242233276, 0.7952064871788025, 0.0142981493845582]"
875,3,0,"[0.43519267439842224, 0.3490525484085083, 0.08248972147703171, 0.08665906637907028, 0.011499842628836632, 0.034635838121175766, 0.00047027619439177215]"
876,5,5,"[3.0381983378902078e-05, 0.00026928307488560677, 0.0013328584609553218, 0.00023298019368667156, 0.0012588991085067391, 0.99654620885849, 0.0003293977351859212]"
877,0,4,"[0.2422923892736435, 0.10229180753231049, 0.18143926560878754, 0.03945615515112877, 0.3331744968891144, 0.1009596660733223, 0.00038624429726041853]"
878,4,5,"[0.006847332697361708, 0.004135103430598974, 0.02242615818977356, 0.00391578022390604, 0.23254656791687012, 0.7299796342849731, 0.00014946787268854678]"
879,5,5,"[0.00011701741459546611, 0.0002550146891735494, 0.003768639173358679, 0.0008258734014816582, 0.0008398512145504355, 0.9941772222518921, 1.625337972654961e-05]"
880,0,0,"[0.5457338094711304, 0.16414059698581696, 0.15991057455539703, 0.07185406237840652, 0.03187616169452667, 0.02621842361986637, 0.00026630432694219053]"
881,2,2,"[0.03221040219068527, 0.044685591012239456, 0.6736015677452087, 0.015573805198073387, 0.0215605478733778, 0.21228712797164917, 8.10441342764534e-05]"
882,5,5,"[0.00013659789692610502, 0.00019479719048831612, 0.020418334752321243, 0.00013635736831929535, 0.1033177375793457, 0.875561535358429, 0.00023468428116757423]"
883,5,5,"[0.0001293669774895534, 0.000749230501241982, 0.07320284843444824, 0.00024012112407945096, 0.12032321095466614, 0.803117036819458, 0.0022381418384611607]"
884,1,1,"[0.0883277878165245, 0.710821270942688, 0.019254809245467186, 0.07645193487405777, 0.00807146169245243, 0.03455795720219612, 0.06251487880945206]"
885,5,2,"[0.004915607161819935, 0.01108499988913536, 0.5748113989830017, 0.0016372984973713756, 0.06694473326206207, 0.34029868245124817, 0.0003073085390496999]"
886,5,5,"[0.0004028133407700807, 0.00034301765845157206, 0.03638932853937149, 0.00030031136702746153, 0.4224468171596527, 0.5390243530273438, 0.0010933390585705638]"
887,4,5,"[0.0024832512717694044, 0.0027138483710587025, 0.059942975640296936, 0.001336947432719171, 0.24567784368991852, 0.6876203417778015, 0.00022475291916634887]"
888,5,5,"[2.6355995942139998e-05, 0.0003937048022635281, 0.004834226332604885, 0.0006977104349061847, 0.0016598922666162252, 0.9920929074287415, 0.0002952188951894641]"
889,5,5,"[0.0010013054125010967, 0.0015056086704134941, 0.08194978535175323, 0.0007278717239387333, 0.3395707905292511, 0.5749756097793579, 0.00026906817220151424]"
890,5,5,"[0.00010948988347081468, 0.0002018257073359564, 0.008582215756177902, 0.0005883947014808655, 0.0011926214210689068, 0.9893201589584351, 5.30422039446421e-06]"
891,5,5,"[0.0021388372406363487, 0.003373665502294898, 0.05378803238272667, 0.001142755732871592, 0.32803019881248474, 0.6111775040626526, 0.00034897978184744716]"
892,5,5,"[0.00021444226149469614, 0.0003342442214488983, 0.008814342319965363, 0.0011584990425035357, 0.0010585776763036847, 0.9884114861488342, 8.379706741834525e-06]"
893,5,5,"[4.043491935590282e-05, 7.168310548877344e-05, 0.0055914451368153095, 0.00019379668810870498, 0.002167502185329795, 0.9919258952140808, 9.322755431639962e-06]"
894,5,5,"[6.929387745913118e-05, 0.00018305424600839615, 0.008968752808868885, 0.0005895512294955552, 0.0011619196739047766, 0.9890192151069641, 8.209000952774659e-06]"
895,3,5,"[0.00021786011348012835, 0.0002487547171767801, 0.011167678982019424, 0.0013601792743429542, 0.0013490120181813836, 0.9856495261192322, 7.047400686133187e-06]"
896,5,5,"[0.0014751625712960958, 0.0010285333264619112, 0.06499665975570679, 0.000421989883761853, 0.030318506062030792, 0.9017423391342163, 1.677185900916811e-05]"
897,5,5,"[0.00014692527474835515, 0.0012365418951958418, 0.022024769335985184, 0.0002751614374574274, 0.12281599640846252, 0.845710813999176, 0.007789841387420893]"
898,5,5,"[0.0001531565358163789, 0.00028400079463608563, 0.005287169478833675, 0.000953123380895704, 0.0009106757352128625, 0.9923996329307556, 1.220059311890509e-05]"
899,5,5,"[0.0027557378634810448, 0.0023359598126262426, 0.27249830961227417, 0.0024777688086032867, 0.15978272259235382, 0.560090959072113, 5.857628639205359e-05]"
900,5,1,"[0.22286522388458252, 0.3874833285808563, 0.1083209216594696, 0.12048643082380295, 0.024011844769120216, 0.13620825111865997, 0.0006239657523110509]"
901,2,1,"[0.28207042813301086, 0.5140009522438049, 0.07929681241512299, 0.09062415361404419, 0.005790951661765575, 0.026887739077210426, 0.0013289472553879023]"
902,2,5,"[0.16383826732635498, 0.19686459004878998, 0.13657265901565552, 0.0543147437274456, 0.22183804214000702, 0.22522589564323425, 0.0013457864988595247]"
903,5,5,"[5.9937523474218324e-05, 0.0001616118534002453, 0.005666172131896019, 0.0005863970727659762, 0.0008870961028151214, 0.992626965045929, 1.1806562724814285e-05]"
904,0,0,"[0.4413227438926697, 0.07608092576265335, 0.2864232063293457, 0.12816926836967468, 0.039731599390506744, 0.0277897696942091, 0.00048246554797515273]"
905,1,1,"[0.024019993841648102, 0.5345631837844849, 0.034130193293094635, 0.016366800293326378, 0.022691715508699417, 0.271904855966568, 0.09632334858179092]"
906,4,4,"[0.008703963831067085, 0.0036623829510062933, 0.24684536457061768, 0.001696788240224123, 0.42908182740211487, 0.3099125623703003, 9.711222810437903e-05]"
907,4,5,"[0.004097039811313152, 0.0009715306805446744, 0.2096431404352188, 0.0017526305746287107, 0.11099503934383392, 0.6725186705589294, 2.1992786059854552e-05]"
908,2,2,"[0.24943353235721588, 0.043447885662317276, 0.3112691342830658, 0.18879713118076324, 0.015018525533378124, 0.1919652819633484, 6.85058839735575e-05]"
909,5,5,"[0.0001341956085525453, 0.0004037662874907255, 0.0702483281493187, 0.00026122419512830675, 0.09622107446193695, 0.831889808177948, 0.0008416639757342637]"
910,5,5,"[0.0018847034079954028, 0.0010763800237327814, 0.23379699885845184, 0.0014275475405156612, 0.3014249801635742, 0.46028679609298706, 0.00010258780093863606]"
911,2,2,"[0.07182836532592773, 0.01985771767795086, 0.6904342174530029, 0.028223466128110886, 0.11538564413785934, 0.07418251037597656, 8.808640268398449e-05]"
912,5,5,"[0.003123643109574914, 0.0044045220129191875, 0.15698544681072235, 0.0022742808796465397, 0.2726376950740814, 0.5595197677612305, 0.001054616761393845]"
913,5,5,"[0.0003380102280061692, 0.0028590867295861244, 0.03339811787009239, 0.0003880519070662558, 0.04464500769972801, 0.9169194102287292, 0.0014523054705932736]"
914,0,0,"[0.4633423388004303, 0.3016055226325989, 0.10513973981142044, 0.09759368747472763, 0.015170875936746597, 0.015977004542946815, 0.0011709106620401144]"
915,5,5,"[0.00021936057601124048, 0.00045218964805826545, 0.014618175104260445, 0.0006672242889180779, 0.0024560249876230955, 0.9815747141838074, 1.2366486771497875e-05]"
916,5,5,"[0.0006196242175064981, 0.001805153558962047, 0.008102282881736755, 0.0005230470560491085, 0.07070306688547134, 0.9174870848655701, 0.0007597378571517766]"
917,2,4,"[0.0414993055164814, 0.012562268413603306, 0.37803298234939575, 0.006930523552000523, 0.4531990885734558, 0.10754729807376862, 0.00022854410053696483]"
918,5,5,"[3.98200900235679e-05, 9.752978075994179e-05, 0.005866426974534988, 0.0001881876669358462, 0.0016693815123289824, 0.9921221137046814, 1.6479354599141516e-05]"
919,5,5,"[0.0014624940231442451, 0.003243796993046999, 0.03320623189210892, 0.0006647798581980169, 0.3405987620353699, 0.6179525256156921, 0.0028714367654174566]"
920,5,5,"[3.631425352068618e-05, 0.00022948338300921023, 0.0016844887286424637, 0.0003360405098646879, 0.0009035015245899558, 0.9966703057289124, 0.00013993952597957104]"
921,4,5,"[0.004468133673071861, 0.007224027533084154, 0.2656724750995636, 0.0007204906432889402, 0.329805850982666, 0.39045047760009766, 0.0016584807308390737]"
922,5,5,"[0.0021950763184577227, 0.0004890780546702445, 0.2098928689956665, 0.0008983254083432257, 0.2970685362815857, 0.4894009232521057, 5.514017539098859e-05]"
923,5,5,"[0.00011660630843834952, 0.00017546983144711703, 0.012252521701157093, 0.0008632868994027376, 0.0013299465645104647, 0.9852555990219116, 6.608534931729082e-06]"
924,5,5,"[0.0005259422468952835, 0.0008666121284477413, 0.11104761809110641, 0.0004028468392789364, 0.21538886427879333, 0.6714972853660583, 0.0002708124229684472]"
925,2,5,"[0.0022587308194488287, 0.0018897851696237922, 0.14754658937454224, 0.000991457374766469, 0.3630228042602539, 0.48412376642227173, 0.00016686458548065275]"
926,5,2,"[0.0026951758190989494, 0.014534062705934048, 0.5699536800384521, 0.002871225355193019, 0.03992084041237831, 0.3691534996032715, 0.0008715364383533597]"
927,5,5,"[8.894527854863554e-05, 0.0004519573412835598, 0.004408034961670637, 0.0010902684880420566, 0.0007161141838878393, 0.9931567311286926, 8.797696500550956e-05]"
928,5,5,"[0.00046080327592790127, 0.0004209859762340784, 0.016045544296503067, 0.002295140875503421, 0.0015068355714902282, 0.9792630076408386, 7.668716534681153e-06]"
929,2,2,"[0.0017911983886733651, 0.0014036014908924699, 0.5550147294998169, 0.000915778218768537, 0.08130576461553574, 0.35953399538993835, 3.4932101698359475e-05]"
930,4,5,"[0.00046111317351460457, 0.0006672432646155357, 0.11898484081029892, 0.0002607811475172639, 0.18292860686779022, 0.6965032815933228, 0.00019416680152062327]"
931,5,5,"[3.1264735298464075e-05, 0.00020707451039925218, 0.0015968848019838333, 0.00045511641656048596, 0.0007416263106279075, 0.9968906044960022, 7.7509626862593e-05]"
932,5,5,"[0.0004445241647772491, 0.0011733060237020254, 0.006058208178728819, 0.0032898508943617344, 0.0007389775710180402, 0.9882664084434509, 2.8686066798400134e-05]"
933,4,5,"[0.030526410788297653, 0.046884823590517044, 0.029952669516205788, 0.003749901195988059, 0.06396200507879257, 0.8242438435554504, 0.0006802916759625077]"
934,5,5,"[6.525189382955432e-05, 0.00013427987869363278, 0.006047183647751808, 0.0003596287569962442, 0.001263172016479075, 0.9921225905418396, 7.859161087253597e-06]"
935,5,5,"[2.9765085855615325e-05, 0.00012622942449525, 0.002630158793181181, 0.0003012512461282313, 0.0009413599036633968, 0.995941698551178, 2.9629029086208902e-05]"
936,4,4,"[0.002107345499098301, 0.0016072046710178256, 0.0323302187025547, 0.000860828731674701, 0.6534861922264099, 0.3074418306350708, 0.0021663904190063477]"
937,5,5,"[0.0004977781209163368, 0.008381908759474754, 0.1698492467403412, 0.0011468188604339957, 0.02834080345928669, 0.7728285789489746, 0.018954850733280182]"
938,5,5,"[0.0011569209164008498, 0.0007538256468251348, 0.039938777685165405, 0.0005225697532296181, 0.3186269700527191, 0.6385636925697327, 0.00043720524990931153]"
939,5,5,"[3.197462865500711e-05, 0.0001240201381733641, 0.0033476545941084623, 0.0003018505813088268, 0.0009184867376461625, 0.9952515363693237, 2.4574554117862135e-05]"
940,5,5,"[0.0005376376211643219, 0.0002872144978027791, 0.04075997695326805, 0.00087555474601686, 0.0054564764723181725, 0.9520812630653381, 1.8552875644672895e-06]"
941,5,5,"[5.10406716784928e-05, 0.00023297060397453606, 0.0024124349001795053, 0.00044825562508776784, 0.0007822501356713474, 0.9960120916366577, 6.100850077928044e-05]"
942,5,5,"[0.0003007122140843421, 0.0003045324410777539, 0.04699437692761421, 0.0011761768255382776, 0.006997636053711176, 0.944215714931488, 1.0806458703882527e-05]"
943,2,2,"[0.024388166144490242, 0.016543008387088776, 0.8439613580703735, 0.007971341721713543, 0.023330308496952057, 0.08371578902006149, 9.006723121274263e-05]"
944,4,4,"[0.22282548248767853, 0.09993673861026764, 0.25526365637779236, 0.046442463994026184, 0.28503045439720154, 0.08968307822942734, 0.0008181825978681445]"
945,5,4,"[0.0013107863487675786, 0.0012654280290007591, 0.052618738263845444, 0.0006181115168146789, 0.6721240878105164, 0.22444550693035126, 0.04761727899312973]"
946,5,5,"[7.636518421350047e-05, 0.0003373725921846926, 0.002746907528489828, 0.0007786753121763468, 0.0007867999374866486, 0.9952142238616943, 5.965942546026781e-05]"
947,5,5,"[0.0002841599634848535, 0.0003774969663936645, 0.1868644654750824, 0.00030468651675619185, 0.05943754315376282, 0.7526798844337463, 5.178339415579103e-05]"
948,2,4,"[0.013301096856594086, 0.00516052171587944, 0.14180822670459747, 0.00519720371812582, 0.44014766812324524, 0.3943219780921936, 6.324081914499402e-05]"
949,1,2,"[0.03307635337114334, 0.01684894599020481, 0.7649083137512207, 0.018118595704436302, 0.08019044995307922, 0.0867825374007225, 7.476824248442426e-05]"
950,5,5,"[0.0008998843841254711, 0.0005804618704132736, 0.34304794669151306, 0.0006206429097801447, 0.22611947357654572, 0.42858558893203735, 0.00014597061090171337]"
951,5,5,"[0.005250072572380304, 0.006576310843229294, 0.13709141314029694, 0.001440717140212655, 0.3559969663619995, 0.49302399158477783, 0.0006205685203894973]"
952,5,1,"[0.17004701495170593, 0.2771085500717163, 0.1314035803079605, 0.07916239649057388, 0.14130719006061554, 0.20021148025989532, 0.0007597525254823267]"
953,4,5,"[0.00015772783081047237, 0.0001988355943467468, 0.03554766997694969, 0.0006513806292787194, 0.004036296159029007, 0.9594032168388367, 4.857200110564008e-06]"
954,2,4,"[0.004500037990510464, 0.0035057063214480877, 0.3155331313610077, 0.0013467652024701238, 0.34066125750541687, 0.3342779278755188, 0.00017521930567454547]"
955,5,5,"[6.682339881081134e-05, 0.00019635450735222548, 0.0071316128596663475, 0.0005628897924907506, 0.0009198335465043783, 0.9911109209060669, 1.1583595551201142e-05]"
956,5,5,"[7.218553946586326e-05, 0.00026700744638219476, 0.006050200667232275, 0.00041812483686953783, 0.0013928094413131475, 0.9917688369750977, 3.0875391530571505e-05]"
957,4,4,"[0.001294196699745953, 0.0008481516852043569, 0.09064846485853195, 0.0004156918730586767, 0.546633780002594, 0.35937732458114624, 0.0007824452477507293]"
958,2,4,"[0.008990834467113018, 0.0032003112137317657, 0.11843892186880112, 0.0019004365894943476, 0.6916395425796509, 0.17511625587940216, 0.0007137104985304177]"
959,4,5,"[0.0003038120048586279, 0.001638095360249281, 0.049607593566179276, 0.0003488522779662162, 0.21800804138183594, 0.7258415818214417, 0.004251960199326277]"
960,5,2,"[0.17732036113739014, 0.03421950712800026, 0.5215759873390198, 0.13902676105499268, 0.01798773556947708, 0.10970215499401093, 0.0001675287785474211]"
961,5,3,"[0.12564034759998322, 0.040336303412914276, 0.21049103140830994, 0.42249777913093567, 0.012822482734918594, 0.18678967654705048, 0.0014224047772586346]"
962,5,5,"[0.00012615938612725586, 0.00017208179633598775, 0.01105287205427885, 0.0006575556471943855, 0.0013199923560023308, 0.986663818359375, 7.4474269240454305e-06]"
963,5,5,"[0.0006114316056482494, 0.007269209250807762, 0.004828551784157753, 0.0017863325774669647, 0.022955378517508507, 0.9504206776618958, 0.01212826743721962]"
964,5,5,"[0.00016263210272882134, 0.00024834266514517367, 0.021664902567863464, 0.00122137984726578, 0.0014583372976630926, 0.9752377271652222, 6.702195150865009e-06]"
965,5,5,"[0.0028093457221984863, 0.001757704303599894, 0.1675041764974594, 0.0008771072025410831, 0.4038489758968353, 0.4229971468448639, 0.00020554983348120004]"
966,5,5,"[2.897171361837536e-05, 0.00019734102534130216, 0.0026513412594795227, 0.0006343841087073088, 0.000735459616407752, 0.9956450462341309, 0.00010738398123066872]"
967,4,5,"[0.00031105001107789576, 0.0017476677894592285, 0.047432687133550644, 0.0005396140622906387, 0.2446984052658081, 0.6782101392745972, 0.027060499414801598]"
968,4,5,"[0.07776744663715363, 0.13120245933532715, 0.08048059791326523, 0.013464928604662418, 0.16584832966327667, 0.5277953147888184, 0.0034409649670124054]"
969,4,5,"[0.001428899820894003, 0.0033183114137500525, 0.03561587259173393, 0.0009904636535793543, 0.3762953281402588, 0.5792221426963806, 0.003129000309854746]"
970,5,5,"[6.189808482304215e-05, 9.958773443941027e-05, 0.0067084613256156445, 0.00024282015510834754, 0.0018861016724258661, 0.9909963607788086, 4.816756245418219e-06]"
971,1,1,"[0.17398260533809662, 0.4801105558872223, 0.10514127463102341, 0.09867887198925018, 0.0440734326839447, 0.09522563219070435, 0.0027876272797584534]"
972,2,5,"[0.015926718711853027, 0.191878542304039, 0.08269847184419632, 0.006463712081313133, 0.040291909128427505, 0.6370812654495239, 0.02565939910709858]"
973,2,5,"[0.0007649233448319137, 0.0005301802302710712, 0.07098424434661865, 0.0030980766750872135, 0.0030117915011942387, 0.9216051697731018, 5.626654456136748e-06]"
974,1,1,"[0.041742660105228424, 0.6675718426704407, 0.02486983686685562, 0.07891964912414551, 0.011663761921226978, 0.09855438023805618, 0.07667786628007889]"
975,5,5,"[0.00011237435683142394, 0.0006113420822657645, 0.003044959157705307, 0.0009026968036778271, 0.0007690313505008817, 0.9944183826446533, 0.00014117556565906852]"
976,5,5,"[5.393595711211674e-05, 0.0001602453994564712, 0.0061258189380168915, 0.0006748069426976144, 0.0009749067830853164, 0.9919962286949158, 1.4067295524000656e-05]"
977,5,5,"[3.048791768378578e-05, 0.000134054382215254, 0.0029723430052399635, 0.00036834084312431514, 0.0008543221047148108, 0.9956093430519104, 3.125073999399319e-05]"
978,2,2,"[0.04228424280881882, 0.008623295463621616, 0.6139201521873474, 0.008344242349267006, 0.15275882184505463, 0.17402835190296173, 4.080310100107454e-05]"
979,5,5,"[1.4840577023278456e-05, 0.0001649591577006504, 0.0026981106493622065, 0.00029631631332449615, 0.0009241870720870793, 0.9957400560379028, 0.00016152314492501318]"
980,5,5,"[0.00011320695193717256, 0.00012795075599569827, 0.013148722238838673, 0.0005906627629883587, 0.001921393326483667, 0.984093964099884, 3.995508905063616e-06]"
981,5,5,"[0.05060524120926857, 0.02377735637128353, 0.16024523973464966, 0.003979193978011608, 0.15163196623325348, 0.6096495985984802, 0.00011140370042994618]"
982,5,5,"[0.0006870494107715786, 0.0006136276060715318, 0.0396578274667263, 0.0026211608201265335, 0.001939166453666985, 0.9544748067855835, 6.3248762671719305e-06]"
983,5,5,"[0.002775256521999836, 0.0024713180027902126, 0.17317239940166473, 0.002447906183078885, 0.2594876289367676, 0.5590945482254028, 0.0005509748007170856]"
984,1,1,"[0.09834092855453491, 0.30478498339653015, 0.3032742738723755, 0.08489397168159485, 0.05445757880806923, 0.0811215341091156, 0.07312670350074768]"
985,5,5,"[0.00012421443534549326, 0.0005054566427133977, 0.0036936684045940638, 0.0009283623658120632, 0.0007561199599877, 0.9939450621604919, 4.7075096517801285e-05]"
986,4,1,"[0.3190057575702667, 0.43058112263679504, 0.12296358495950699, 0.07512583583593369, 0.01790265366435051, 0.033312998712062836, 0.0011080332333222032]"
987,5,5,"[0.0017012913012877107, 0.018436811864376068, 0.005713225342333317, 0.004476186353713274, 0.0015751870814710855, 0.9674586057662964, 0.0006386870518326759]"
988,5,5,"[0.016711808741092682, 0.009688766673207283, 0.1725253313779831, 0.004939070902764797, 0.19690245389938354, 0.5991919040679932, 4.072994852322154e-05]"
989,5,5,"[1.5938407159410417e-05, 9.037752170115709e-05, 0.0031258368398994207, 0.00031507512903772295, 0.0011138156987726688, 0.9952627420425415, 7.614877540618181e-05]"
990,5,5,"[0.0003395312814973295, 0.0005831805756315589, 0.12405271828174591, 0.0002557343686930835, 0.2183651179075241, 0.6555112600326538, 0.0008924091816879809]"
991,5,5,"[0.00018022321455646306, 0.0006871277582831681, 0.02863355353474617, 0.0003874768444802612, 0.04882410168647766, 0.920071542263031, 0.0012158878380432725]"
992,5,5,"[6.766861042706296e-05, 0.00011862944666063413, 0.009897041134536266, 0.00041008321568369865, 0.0017019861843436956, 0.9878003597259521, 4.286071998649277e-06]"
993,5,5,"[0.00011186161282239482, 0.000276588078122586, 0.007685823366045952, 0.0008695361320860684, 0.0008427801076322794, 0.9901944994926453, 1.901550240290817e-05]"
994,5,5,"[7.01735625625588e-05, 0.00040083087515085936, 0.0034390753135085106, 0.0010103383101522923, 0.0006120789330452681, 0.9943938255310059, 7.376934081548825e-05]"
995,5,5,"[8.553257066523656e-05, 0.00041428377153351903, 0.004935936536639929, 0.00014628900680691004, 0.0029792385175824165, 0.9913526177406311, 8.599321881774813e-05]"
996,5,2,"[0.02394477091729641, 0.014588180929422379, 0.7782426476478577, 0.011897508054971695, 0.05578119680285454, 0.11550344526767731, 4.234367952449247e-05]"
997,5,5,"[6.211952131707221e-05, 0.00014204595936462283, 0.00936137791723013, 0.0003331168263684958, 0.008463512174785137, 0.9815834164619446, 5.4351261496776715e-05]"
998,5,5,"[1.5317236830014735e-05, 9.406885510543361e-05, 0.0019558824133127928, 0.0001499024365330115, 0.002087927423417568, 0.9955437779426575, 0.00015317025827243924]"
999,5,5,"[0.0004723623860627413, 0.0015677734045311809, 0.22380657494068146, 0.0003960444882977754, 0.1265154480934143, 0.646507978439331, 0.000733782013412565]"
1000,5,5,"[0.00014833205204922706, 0.0006100085447542369, 0.01891574263572693, 0.00030902441358193755, 0.06406562775373459, 0.9152070879936218, 0.0007442223723046482]"
1001,5,5,"[2.9484766855603084e-05, 0.00020518212113529444, 0.00199766643345356, 0.0003033277753274888, 0.0009676634799689054, 0.9964338541030884, 6.276038038777187e-05]"
1002,2,1,"[0.08053823560476303, 0.564734935760498, 0.14386825263500214, 0.03888353332877159, 0.03842214122414589, 0.05983072146773338, 0.0737222284078598]"
1003,4,4,"[0.0006675613694824278, 0.0006655694451183081, 0.04713568091392517, 0.000634989351965487, 0.7239862680435181, 0.21561497449874878, 0.011294924654066563]"
1004,5,5,"[0.04821288213133812, 0.10645928233861923, 0.04804268106818199, 0.020248273387551308, 0.3486124873161316, 0.42029422521591187, 0.008130126632750034]"
1005,5,5,"[0.000991721055470407, 0.0010066330432891846, 0.061557475477457047, 0.0007567069842480123, 0.33938732743263245, 0.5957918763160706, 0.0005083178984932601]"
1006,5,5,"[0.01965079829096794, 0.04995055869221687, 0.04522303119301796, 0.011267336085438728, 0.15498097240924835, 0.7173623442649841, 0.0015649135457351804]"
1007,5,5,"[5.0477407057769597e-05, 0.00017550696793477982, 0.0036191565450280905, 0.00048019454698078334, 0.0008161551086232066, 0.9948207139968872, 3.77821852453053e-05]"
1008,0,2,"[0.08074451237916946, 0.011210566386580467, 0.3899366855621338, 0.014533723704516888, 0.1447475254535675, 0.35880565643310547, 2.126719118678011e-05]"
1009,5,5,"[6.29071582807228e-05, 0.00040416786214336753, 0.009087912738323212, 0.0005372860468924046, 0.00819668173789978, 0.981092631816864, 0.0006184130907058716]"
1010,5,5,"[0.0002589070936664939, 0.0010454849107190967, 0.008380486629903316, 0.0005252054543234408, 0.0017965545412153006, 0.9879750609397888, 1.833225724112708e-05]"
1011,5,5,"[0.0021116158459335566, 0.0030584195628762245, 0.1973782777786255, 0.0008250002865679562, 0.2145565003156662, 0.5819545984268188, 0.00011557444668142125]"
1012,5,5,"[0.0021518513094633818, 0.001906566321849823, 0.04946010559797287, 0.010680710896849632, 0.0019444325007498264, 0.9338372945785522, 1.9020913896383718e-05]"
1013,5,5,"[4.481935320654884e-05, 0.0002166575432056561, 0.0036986127961426973, 0.0003616999019868672, 0.0008746591629460454, 0.9947745203971863, 2.903515996877104e-05]"
1014,5,5,"[7.72434359532781e-05, 0.000111829795059748, 0.01605498231947422, 0.00033609321690164506, 0.002379572717472911, 0.9810363054275513, 4.006700237368932e-06]"
1015,5,2,"[0.0015378486132249236, 0.0004653369833249599, 0.5495909452438354, 0.0010344565380364656, 0.06465137749910355, 0.3826994001865387, 2.0616244000848383e-05]"
1016,5,5,"[0.00014205460320226848, 0.0004990353481844068, 0.0028472519479691982, 0.001313920016400516, 0.0006807114114053547, 0.9944816827774048, 3.538643068168312e-05]"
1017,5,5,"[0.00019854347920045257, 0.0004090576258022338, 0.013299372978508472, 0.00026651265216059983, 0.16980791091918945, 0.8137648105621338, 0.0022538481280207634]"
1018,5,5,"[0.00043799669947475195, 0.0020496733486652374, 0.008901800028979778, 0.000553157995454967, 0.010065228678286076, 0.9776170253753662, 0.00037512838025577366]"
1019,5,5,"[9.782426786841825e-05, 0.00022475465084426105, 0.008756700903177261, 0.0006693594623357058, 0.0009517681901343167, 0.9892879724502563, 1.1597685443121009e-05]"
1020,5,4,"[0.0020163399167358875, 0.00224748975597322, 0.06326046586036682, 0.0007256200187839568, 0.4788373112678528, 0.45213547348976135, 0.0007772506796754897]"
1021,6,6,"[0.0019867378287017345, 0.015364492312073708, 0.007950828410685062, 0.003298230702057481, 0.0019835401326417923, 0.0020678951404988766, 0.9673482775688171]"
1022,4,5,"[0.000426264334237203, 0.0011061644181609154, 0.03153039515018463, 0.000521340873092413, 0.24490059912204742, 0.7136117219924927, 0.007903584279119968]"
1023,5,5,"[3.527061198838055e-05, 0.0003443584428168833, 0.0013696711976081133, 0.0004728638450615108, 0.0008146453183144331, 0.9968254566192627, 0.0001378153101541102]"
1024,5,5,"[5.0692877266556025e-05, 0.00037415549741126597, 0.0020506822038441896, 0.0011289858957752585, 0.0006632890435867012, 0.9956033229827881, 0.00012889175559394062]"
1025,5,1,"[0.07838684320449829, 0.6437672972679138, 0.056208375841379166, 0.1035308763384819, 0.0026271238457411528, 0.10281986743211746, 0.0126595888286829]"
1026,5,5,"[0.00041536567732691765, 0.00032804434886202216, 0.03291486203670502, 0.00048437443911097944, 0.4793489873409271, 0.48215189576148987, 0.004356523510068655]"
1027,5,5,"[3.23724489135202e-05, 0.00023148400941863656, 0.0020891092717647552, 0.0004197418165858835, 0.0007617258233949542, 0.9962957501411438, 0.0001698624691925943]"
1028,4,5,"[0.005669502541422844, 0.0073303282260894775, 0.03870987147092819, 0.0030131943058222532, 0.42131075263023376, 0.5228310823440552, 0.0011352875735610723]"
1029,5,5,"[1.9978866475867108e-05, 0.0001487994013587013, 0.0017342842184007168, 0.00018409757467452437, 0.0018867319449782372, 0.9958445429801941, 0.0001816142030293122]"
1030,3,5,"[0.015250476077198982, 0.1493167132139206, 0.19124066829681396, 0.01100932527333498, 0.07512339949607849, 0.5506287813186646, 0.007430670782923698]"
1031,5,5,"[7.627490413142368e-05, 0.00015965348575264215, 0.004641921259462833, 0.0004422136989887804, 0.001053319312632084, 0.993613064289093, 1.3624868188344408e-05]"
1032,5,5,"[0.0002479839895386249, 0.00042879389366135, 0.17450189590454102, 0.0003502432082314044, 0.14198297262191772, 0.6820497512817383, 0.00043823759187944233]"
1033,3,5,"[0.007560016121715307, 0.11592987179756165, 0.06410324573516846, 0.010711452923715115, 0.0321008637547493, 0.7668099403381348, 0.0027846856974065304]"
1034,1,1,"[0.06086532026529312, 0.7570396065711975, 0.025479070842266083, 0.07152954488992691, 0.003292360110208392, 0.0326542854309082, 0.04913979023694992]"
1035,5,5,"[4.7304623876698315e-05, 0.0003619187045842409, 0.007265911437571049, 0.00019271990458946675, 0.014280354604125023, 0.9748061895370483, 0.0030456404201686382]"
1036,5,0,"[0.4360863268375397, 0.26872560381889343, 0.1469990462064743, 0.07407115399837494, 0.027082592248916626, 0.046593476086854935, 0.00044183581485413015]"
1037,5,5,"[2.6533909476711415e-05, 0.0001707993942545727, 0.0020800165366381407, 0.0003257636271882802, 0.0008203005418181419, 0.9965084195137024, 6.820052658440545e-05]"
1038,5,5,"[1.6664303984725848e-05, 0.00012437647092156112, 0.00277169281616807, 0.0003552755224518478, 0.0010234024375677109, 0.9956299066543579, 7.869923138059676e-05]"
1039,5,5,"[0.00431913323700428, 0.0029530362226068974, 0.14566382765769958, 0.0018439587438479066, 0.23423728346824646, 0.6109530329704285, 2.9763006750727072e-05]"
1040,5,5,"[9.843703446676955e-05, 0.00019754254026338458, 0.006716738920658827, 0.0007074835011735559, 0.001034912304021418, 0.9912341237068176, 1.0753889910120051e-05]"
1041,5,5,"[0.001755068777129054, 0.0013225850416347384, 0.16193857789039612, 0.0012080565793439746, 0.3387194275856018, 0.4948447346687317, 0.00021149373787920922]"
1042,5,5,"[0.004574033431708813, 0.025397565215826035, 0.053369466215372086, 0.0033033268991857767, 0.005179570056498051, 0.9080785512924194, 9.744229464558885e-05]"
1043,5,5,"[4.7325189370894805e-05, 0.00010372935503255576, 0.005277971271425486, 0.0003520032041706145, 0.0011853609466925263, 0.9930222630500793, 1.1345378879923373e-05]"
1044,4,5,"[0.051201701164245605, 0.029202288016676903, 0.13260990381240845, 0.009400909766554832, 0.10972096025943756, 0.6677021980285645, 0.00016205453721340746]"
1045,5,5,"[3.308381565148011e-05, 0.00017931910406332463, 0.003938084933906794, 0.0007438193424604833, 0.0008472507470287383, 0.9941948056221008, 6.366961315507069e-05]"
1046,5,5,"[0.008453737013041973, 0.010285582393407822, 0.04052993282675743, 0.0015743783442303538, 0.09489046037197113, 0.843973696231842, 0.0002922041458077729]"
1047,5,5,"[0.0019327800255268812, 0.006190306507050991, 0.13274531066417694, 0.001267367391847074, 0.1419457644224167, 0.7153234481811523, 0.0005950982449576259]"
1048,2,2,"[0.2874443829059601, 0.11508840322494507, 0.4111555218696594, 0.10025966167449951, 0.04669168218970299, 0.039093274623155594, 0.00026709234225563705]"
1049,5,5,"[7.10183521732688e-05, 0.00028235348872840405, 0.0043142796494066715, 0.000837500614579767, 0.0007290890789590776, 0.9937189817428589, 4.67522295366507e-05]"
1050,2,3,"[0.12446136027574539, 0.11478817462921143, 0.0377165712416172, 0.46197274327278137, 0.004830654244869947, 0.24223536252975464, 0.01399514451622963]"
1051,2,2,"[0.05790454521775246, 0.01868642307817936, 0.7136257886886597, 0.026509514078497887, 0.11263975501060486, 0.07054254412651062, 9.144016803475097e-05]"
1052,2,0,"[0.4003349840641022, 0.19971472024917603, 0.18421612679958344, 0.133335679769516, 0.047281522303819656, 0.0345495268702507, 0.0005673954146914184]"
1053,5,5,"[0.001475043478421867, 0.0011406735284253955, 0.3641558587551117, 0.002124631078913808, 0.1581074446439743, 0.47291693091392517, 7.936985639389604e-05]"
1054,2,5,"[0.00058899843133986, 0.0005132639198563993, 0.2693483233451843, 0.0006633474840782583, 0.1432558298110962, 0.5855570435523987, 7.314347749343142e-05]"
1055,5,5,"[0.00010531637235544622, 0.0002721666533034295, 0.006389664951711893, 0.0007713926024734974, 0.0008482459234073758, 0.9915944933891296, 1.869558218459133e-05]"
1056,2,2,"[0.049840934574604034, 0.007386953104287386, 0.5441953539848328, 0.014361958019435406, 0.21238288283348083, 0.17178690433502197, 4.5015964133199304e-05]"
1057,4,5,"[0.001118268701247871, 0.001358233974315226, 0.1879202276468277, 0.0006053836550563574, 0.36409991979599, 0.44423073530197144, 0.0006671405863016844]"
1058,4,4,"[0.000576619990170002, 0.0005771327414549887, 0.03544289618730545, 0.0004667556204367429, 0.5163930654525757, 0.4418978989124298, 0.0046456120908260345]"
1059,4,4,"[0.02333998680114746, 0.009557008743286133, 0.08737718313932419, 0.0066660381853580475, 0.5904752612113953, 0.282388836145401, 0.00019566153059713542]"
1060,5,4,"[0.0003165197267662734, 0.0004571322351694107, 0.02592313289642334, 0.0005034711211919785, 0.5593702793121338, 0.3872806131839752, 0.026148751378059387]"
1061,2,0,"[0.6298252940177917, 0.19001778960227966, 0.07834692299365997, 0.07097092270851135, 0.011083449237048626, 0.01932845078408718, 0.00042716346797533333]"
1062,5,5,"[5.3262938308762386e-05, 0.00023349738330580294, 0.003061265917494893, 0.0005906393635086715, 0.0006955096614547074, 0.995322048664093, 4.371770046418533e-05]"
1063,5,5,"[4.650645860238001e-05, 8.964414155343547e-05, 0.004762034397572279, 0.00018933933461084962, 0.0021091080270707607, 0.9927956461906433, 7.778215149301104e-06]"
1064,5,5,"[0.00014131238276604563, 0.00021459015260916203, 0.024809200316667557, 0.00019801556481979787, 0.1816314458847046, 0.7915220856666565, 0.0014833849854767323]"
1065,5,5,"[4.1748135117813945e-05, 8.7207299657166e-05, 0.00884982943534851, 0.00048090546624735, 0.001636295230127871, 0.9888906478881836, 1.3382564247876871e-05]"
1066,5,5,"[1.7969712644116953e-05, 0.00010046999523183331, 0.0030233843717724085, 0.0002440903044771403, 0.0010908765252679586, 0.9954687356948853, 5.438216248876415e-05]"
1067,2,2,"[0.22939568758010864, 0.033406224101781845, 0.5557015538215637, 0.07748328894376755, 0.042342834174633026, 0.061613116413354874, 5.7304612710140646e-05]"
1068,5,5,"[0.015297915786504745, 0.1758611798286438, 0.015943042933940887, 0.009725220501422882, 0.032689858227968216, 0.7418845891952515, 0.00859821867197752]"
1069,6,4,"[0.015250500291585922, 0.0798620730638504, 0.26842281222343445, 0.007503005210310221, 0.3202836811542511, 0.15775763988494873, 0.15092024207115173]"
1070,5,4,"[0.004746048245579004, 0.002192659303545952, 0.09866416454315186, 0.001518958481028676, 0.4731083810329437, 0.4195252060890198, 0.0002446537255309522]"
1071,5,5,"[0.006016202736645937, 0.002591534750536084, 0.3190595209598541, 0.004769346676766872, 0.22158248722553253, 0.4456956386566162, 0.00028528584516607225]"
1072,4,5,"[0.0015015631215646863, 0.0008078134851530194, 0.3271627724170685, 0.0009758546366356313, 0.2581242620944977, 0.4113543629646301, 7.34014538465999e-05]"
1073,5,5,"[0.00022891962726134807, 0.000147137267049402, 0.0610397532582283, 0.0010476612951606512, 0.005101797636598349, 0.932429313659668, 5.363646778278053e-06]"
1074,4,5,"[0.0008988932822830975, 0.0037695281207561493, 0.03365560993552208, 0.0012913206592202187, 0.11323947459459305, 0.8448473811149597, 0.002297776285558939]"
1075,5,5,"[0.0007394475396722555, 0.00045617774594575167, 0.05781417340040207, 0.0026339262258261442, 0.002922342624515295, 0.9354292750358582, 4.639167855202686e-06]"
1076,5,5,"[0.0001467968540964648, 0.0008890061290003359, 0.002162256510928273, 0.001519129960797727, 0.0006960498867556453, 0.9943416118621826, 0.0002450779138598591]"
1077,5,5,"[0.03158215060830116, 0.2061101198196411, 0.25358161330223083, 0.018589532002806664, 0.047847386449575424, 0.4382941424846649, 0.003995067439973354]"
1078,2,2,"[0.16685587167739868, 0.056873057037591934, 0.36035585403442383, 0.053812094032764435, 0.2588130533695221, 0.10312099754810333, 0.00016909014084376395]"
1079,5,5,"[0.01613205298781395, 0.1001339703798294, 0.29217445850372314, 0.006705826614052057, 0.05435919761657715, 0.5293582081794739, 0.0011363220401108265]"
1080,2,5,"[0.009633665904402733, 0.022572316229343414, 0.1486474871635437, 0.0036928870249539614, 0.1615752875804901, 0.6532712578773499, 0.0006071129464544356]"
1081,5,5,"[0.00014009204460307956, 0.0008570915670134127, 0.004720402881503105, 0.00021872835350222886, 0.03589336946606636, 0.9561807513237, 0.0019896223675459623]"
1082,5,5,"[4.165286009083502e-05, 0.00016279288684017956, 0.0037158229388296604, 0.0005064403521828353, 0.0008028470329008996, 0.9947468638420105, 2.3518565285485238e-05]"
1083,4,4,"[0.0033874651417136192, 0.0018518846482038498, 0.05358113721013069, 0.000866464339196682, 0.673746645450592, 0.2660636901855469, 0.0005027364240959287]"
1084,0,0,"[0.4084427058696747, 0.2838856875896454, 0.1309720128774643, 0.13754604756832123, 0.00833467859774828, 0.030419811606407166, 0.00039904259028844535]"
1085,2,5,"[0.0050434512086212635, 0.004169823136180639, 0.30530887842178345, 0.001582296215929091, 0.24256639182567596, 0.4411996901035309, 0.00012948966468684375]"
1086,5,5,"[0.00016703185974620283, 0.0002518589608371258, 0.0069098519161343575, 0.0008593530510552227, 0.0011457909131422639, 0.9906594753265381, 6.637434580625268e-06]"
1087,5,5,"[7.684267620788887e-05, 0.00013007063535042107, 0.01000282447785139, 0.0004512605082709342, 0.0034099153708666563, 0.9859223365783691, 6.711972673656419e-06]"
1088,5,5,"[0.000229360768571496, 0.00022931810235604644, 0.15995246171951294, 0.0003552479902282357, 0.08744760602712631, 0.7516947388648987, 9.131862316280603e-05]"
1089,6,6,"[0.002086216351017356, 0.055684056133031845, 0.006586396601051092, 0.013229995034635067, 0.009576349519193172, 0.07091066241264343, 0.8419263362884521]"
1090,0,5,"[0.00174687837716192, 0.012841903604567051, 0.011117096059024334, 0.008521062321960926, 0.0012897076085209846, 0.9643996953964233, 8.37491825222969e-05]"
1091,5,5,"[4.6921111788833514e-05, 0.00014124104927759618, 0.004676090087741613, 0.00035166461020708084, 0.0009745246497914195, 0.9937976002693176, 1.1965150406467728e-05]"
1092,5,5,"[4.8118261474883184e-05, 0.00027263423544354737, 0.003247928572818637, 0.0006464068428613245, 0.0006972873816266656, 0.9950426816940308, 4.5081647840561345e-05]"
1093,5,5,"[2.3447770217899233e-05, 6.836310785729438e-05, 0.004378379788249731, 0.00031497509917244315, 0.0012793230125680566, 0.9939131140708923, 2.2374852051143534e-05]"
1094,5,5,"[2.0778150428668596e-05, 7.287875632755458e-05, 0.004890653770416975, 0.00027315685292705894, 0.0014113460201770067, 0.9933000802993774, 3.111347177764401e-05]"
1095,5,5,"[0.005224703811109066, 0.0016280787531286478, 0.3153735399246216, 0.011727903038263321, 0.009940066374838352, 0.6560954451560974, 1.0251739695377182e-05]"
1096,2,2,"[0.12043612450361252, 0.0253292266279459, 0.6063323616981506, 0.03344470262527466, 0.14540544152259827, 0.06899659335613251, 5.559328928939067e-05]"
1097,0,0,"[0.509290337562561, 0.27636978030204773, 0.07482036203145981, 0.04718122258782387, 0.0415804348886013, 0.05033693090081215, 0.00042094901436939836]"
1098,4,5,"[0.00039937469409778714, 0.0004094058822374791, 0.035451021045446396, 0.00023719984164927155, 0.2732798457145691, 0.6872241497039795, 0.0029990505427122116]"
1099,5,5,"[0.00026616829563863575, 0.0012892803642898798, 0.027745433151721954, 0.00030464932206086814, 0.2344309687614441, 0.7297624945640564, 0.006201061420142651]"
1100,3,1,"[0.30863285064697266, 0.4982820451259613, 0.06462917476892471, 0.10304608196020126, 0.00592325534671545, 0.011694768443703651, 0.007791837211698294]"
1101,5,5,"[0.00013309720088727772, 0.00044963895925320685, 0.005943119525909424, 0.0015796634834259748, 0.0007229151087813079, 0.9911435842514038, 2.7861358830705285e-05]"
1102,5,5,"[0.00019157819042447954, 0.0005043440614826977, 0.07424904406070709, 0.0003213843156117946, 0.24428877234458923, 0.6774787306785583, 0.002966143423691392]"
1103,1,0,"[0.3536852300167084, 0.16015654802322388, 0.2625536024570465, 0.09632372856140137, 0.09838436543941498, 0.027551468461751938, 0.001345121068879962]"
1104,5,5,"[8.369591523660347e-05, 0.0009480458684265614, 0.004527737852185965, 0.0018217493779957294, 0.000597698672208935, 0.9918391108512878, 0.000182031057192944]"
1105,2,2,"[0.03997058793902397, 0.014900649897754192, 0.5017517805099487, 0.008481726050376892, 0.31386467814445496, 0.12070617079734802, 0.00032439304050058126]"
1106,5,5,"[0.011920109391212463, 0.035251811146736145, 0.020036248490214348, 0.005474518984556198, 0.17229129374027252, 0.7496029734611511, 0.005423012655228376]"
1107,5,2,"[0.0387384407222271, 0.11370477080345154, 0.4602355360984802, 0.019239943474531174, 0.055328335613012314, 0.31250688433647156, 0.0002460779214743525]"
1108,5,5,"[0.002159894211217761, 0.0026050442829728127, 0.021409260109066963, 0.019350511953234673, 0.0017093097558245063, 0.9527011513710022, 6.470343214459717e-05]"
1109,5,1,"[0.16298002004623413, 0.4874282479286194, 0.05421300232410431, 0.10064481943845749, 0.010740697383880615, 0.18311284482479095, 0.000880290346685797]"
1110,5,2,"[0.10939566791057587, 0.023544082418084145, 0.3628583252429962, 0.017976079136133194, 0.21442241966724396, 0.2717702090740204, 3.319188181194477e-05]"
1111,5,5,"[3.2274889235850424e-05, 0.00019875934231095016, 0.0022715413942933083, 0.00040788837941363454, 0.0007591427420265973, 0.9962873458862305, 4.305614857003093e-05]"
1112,5,5,"[0.0002604300680104643, 0.00032474129693582654, 0.07192784547805786, 0.0003304549027234316, 0.1668519675731659, 0.7600724101066589, 0.0002322068903595209]"
1113,4,4,"[0.005822968203574419, 0.0015124269993975759, 0.34009644389152527, 0.0022576290648430586, 0.47448650002479553, 0.17565937340259552, 0.0001647180033614859]"
1114,2,2,"[0.021274926140904427, 0.01344060804694891, 0.7070394158363342, 0.0031078371684998274, 0.0741414949297905, 0.1809326857328415, 6.302004476310685e-05]"
1115,4,5,"[0.0037301918491721153, 0.00773376040160656, 0.024475757032632828, 0.0016839480958878994, 0.21302206814289093, 0.7487094402313232, 0.0006448135245591402]"
1116,2,2,"[0.09736627340316772, 0.05485803633928299, 0.667811393737793, 0.035308536142110825, 0.07944583147764206, 0.06502839922904968, 0.0001814747229218483]"
1117,2,2,"[0.014433274045586586, 0.05872998759150505, 0.5578740835189819, 0.027312761172652245, 0.008572975173592567, 0.32677602767944336, 0.006300905719399452]"
1118,5,5,"[0.0002674259594641626, 0.00033386939321644604, 0.017384571954607964, 0.0014342559734359384, 0.0014045975403860211, 0.9791700839996338, 5.2473933465080336e-06]"
1119,5,5,"[6.406001193681732e-05, 0.00020162962027825415, 0.005111658945679665, 0.0006924580666236579, 0.0008236611029133201, 0.9930840730667114, 2.2494321456179023e-05]"
1120,0,2,"[0.24892094731330872, 0.15444397926330566, 0.3750387132167816, 0.05697290971875191, 0.10355421900749207, 0.060609813779592514, 0.0004594327474478632]"
1121,5,5,"[0.0005396479973569512, 0.0008719063480384648, 0.0070970989763736725, 0.00096519710496068, 0.002021985361352563, 0.9884607791900635, 4.3515356082934886e-05]"
1122,4,2,"[0.004520479589700699, 0.0022045718505978584, 0.6454302072525024, 0.0028237805236130953, 0.1484125852584839, 0.19655141234397888, 5.691806654795073e-05]"
1123,4,5,"[0.00037523836363106966, 0.0005944501608610153, 0.13998644053936005, 0.00039972379454411566, 0.21101698279380798, 0.6470970511436462, 0.0005301118944771588]"
1124,3,0,"[0.3465496301651001, 0.1537010669708252, 0.07371878623962402, 0.31642916798591614, 0.009428308345377445, 0.09947192668914795, 0.0007010913104750216]"
1125,5,5,"[4.776198693434708e-05, 5.3699943237006664e-05, 0.01894540898501873, 0.00015876117686275393, 0.008807697333395481, 0.9719604849815369, 2.6311883630114608e-05]"
1126,5,5,"[0.0387653186917305, 0.06413653492927551, 0.05340170860290527, 0.011436112225055695, 0.07319320738315582, 0.7584117650985718, 0.0006553613930009305]"
1127,0,1,"[0.1972505748271942, 0.64497309923172, 0.05166339501738548, 0.0731036365032196, 0.0060219611041247845, 0.01733132265508175, 0.009655949659645557]"
1128,2,2,"[0.07863355427980423, 0.0393221378326416, 0.4994458854198456, 0.007592220325022936, 0.27566131949424744, 0.09896183758974075, 0.0003830775967799127]"
1129,5,5,"[0.00014960471889935434, 0.0003624830860644579, 0.009222639724612236, 0.0015332691837102175, 0.0008219914743676782, 0.9878900647163391, 1.9876142687280662e-05]"
1130,5,5,"[0.00033666554372757673, 0.0008849158766679466, 0.061443571001291275, 0.000373345596017316, 0.4492388367652893, 0.47459349036216736, 0.01312920730561018]"
1131,5,4,"[0.05880892649292946, 0.13695938885211945, 0.2972872853279114, 0.02432367578148842, 0.3087881803512573, 0.16966643929481506, 0.004166035447269678]"
1132,1,1,"[0.04841131716966629, 0.5034599900245667, 0.08622421324253082, 0.029094573110342026, 0.04468512907624245, 0.2746902406215668, 0.013434507884085178]"
1133,5,5,"[0.004686226602643728, 0.003059359500184655, 0.26148417592048645, 0.0007393708801828325, 0.30422651767730713, 0.4256944954395294, 0.0001099002911360003]"
1134,2,2,"[0.0036056532990187407, 0.008413647301495075, 0.7139469981193542, 0.008248728699982166, 0.02013547532260418, 0.24555686116218567, 9.267753193853423e-05]"
1135,5,5,"[0.10099459439516068, 0.21670842170715332, 0.19213852286338806, 0.04294026270508766, 0.03622129559516907, 0.410251259803772, 0.0007455599843524396]"
1136,2,5,"[0.01808236725628376, 0.01710137538611889, 0.04961931332945824, 0.004551569931209087, 0.39503607153892517, 0.5147715210914612, 0.0008378078928217292]"
1137,4,5,"[0.0014410746516659856, 0.0032693634275346994, 0.032708100974559784, 0.0005447936127893627, 0.24572031199932098, 0.7143337726593018, 0.0019825249910354614]"
1138,4,5,"[0.003551062196493149, 0.0026238809805363417, 0.031839579343795776, 0.0012336024083197117, 0.06226754188537598, 0.8984415531158447, 4.26838050771039e-05]"
1139,5,1,"[0.15107643604278564, 0.616554856300354, 0.09519829601049423, 0.0675472840666771, 0.005421466659754515, 0.06185692548751831, 0.0023447442799806595]"
1140,5,5,"[0.0001242591388290748, 0.0005493105854839087, 0.0016051140846684575, 0.0009306970750913024, 0.0007633553468622267, 0.9959606528282166, 6.657928315689787e-05]"
1141,5,5,"[4.8634305130690336e-05, 0.0002464378485456109, 0.0028511928394436836, 0.0005451512988656759, 0.0007724935421720147, 0.99549400806427, 4.203159551252611e-05]"
1142,3,5,"[0.0011452881153672934, 0.0031413037795573473, 0.010072218254208565, 0.006442374549806118, 0.0008835431071929634, 0.9781652092933655, 0.00015013421943876892]"
1143,5,4,"[0.016047772020101547, 0.005094123538583517, 0.18584059178829193, 0.0061066788621246815, 0.43547508120536804, 0.3513360023498535, 9.974418208003044e-05]"
1144,5,5,"[0.00036530575016513467, 0.004331622272729874, 0.0032934395130723715, 0.00264478987082839, 0.0009321747929789126, 0.9859461188316345, 0.002486566547304392]"
1145,5,5,"[0.0009230620926246047, 0.00127027602866292, 0.007826394401490688, 0.004505440127104521, 0.0010554142063483596, 0.9843901991844177, 2.913266871473752e-05]"
1146,2,2,"[0.043663956224918365, 0.028063351288437843, 0.7939544916152954, 0.02013339474797249, 0.03359554335474968, 0.0805230513215065, 6.623250374104828e-05]"
1147,5,5,"[0.0008004049304872751, 0.0018151276744902134, 0.11620797216892242, 0.0004881593631580472, 0.25080347061157227, 0.6291489601135254, 0.0007358172442764044]"
1148,2,5,"[0.0007058552582748234, 0.002854145597666502, 0.07411572337150574, 0.00030146734206937253, 0.054652582854032516, 0.865726113319397, 0.0016441374318674207]"
1149,5,5,"[2.335632234462537e-05, 0.00011909082968486473, 0.0047915312461555, 0.0005492940545082092, 0.0010516211623325944, 0.9934387803077698, 2.6284120394848287e-05]"
1150,1,5,"[0.14116770029067993, 0.13086174428462982, 0.1324576586484909, 0.09039206057786942, 0.08769291639328003, 0.4167764484882355, 0.0006514660199172795]"
1151,5,5,"[0.0004594768106471747, 0.0047908020205795765, 0.056381817907094955, 0.0005417141364887357, 0.15310142934322357, 0.7662798166275024, 0.01844487525522709]"
1152,5,5,"[5.861895260750316e-05, 0.00029987163725309074, 0.004395155236124992, 0.0009688953286968172, 0.0006663636304438114, 0.9935605525970459, 5.05276293552015e-05]"
1153,5,5,"[0.002026276895776391, 0.003041108837351203, 0.05164558067917824, 0.0006477222195826471, 0.2956448495388031, 0.6465278267860413, 0.0004666783206630498]"
1154,5,4,"[0.0023882815148681402, 0.002153225475922227, 0.18571580946445465, 0.001216274220496416, 0.426482230424881, 0.3816937506198883, 0.00035038054920732975]"
1155,5,5,"[0.000106984814919997, 0.0006033877143636346, 0.004061627201735973, 0.0008476010989397764, 0.0007228003814816475, 0.9936360120773315, 2.1575291611952707e-05]"
1156,5,5,"[0.00011813560558948666, 0.0013225509319454432, 0.006406331434845924, 0.0002736212045419961, 0.04248497262597084, 0.9350298047065735, 0.01436457596719265]"
1157,5,5,"[1.5637797332601622e-05, 7.29856692487374e-05, 0.004082054365426302, 0.00019027949019800872, 0.00152939825784415, 0.9940734505653381, 3.61774509656243e-05]"
1158,1,4,"[0.15510621666908264, 0.2009359896183014, 0.07586424797773361, 0.05720727518200874, 0.3122791647911072, 0.1947716325521469, 0.003835451090708375]"
1159,5,5,"[0.0008477219380438328, 0.0019085934618487954, 0.01639994978904724, 0.0009843213483691216, 0.3588429093360901, 0.6001823544502258, 0.02083417773246765]"
1160,4,5,"[0.0003340920666232705, 0.0004318983119446784, 0.12191291898488998, 0.0004906858666799963, 0.3526518642902374, 0.5215024352073669, 0.002676141681149602]"
1161,5,5,"[0.0018007986946031451, 0.002875425387173891, 0.11701930314302444, 0.000791648228187114, 0.32526835799217224, 0.5489581227302551, 0.0032863577362149954]"
1162,6,6,"[0.0061508952639997005, 0.049376390874385834, 0.006545752286911011, 0.004542268346995115, 0.001994728809222579, 0.002933052834123373, 0.9284569025039673]"
1163,5,5,"[4.909842391498387e-05, 0.0004311437369324267, 0.002912680385634303, 0.0003138167958240956, 0.000933164672460407, 0.9952588677406311, 0.00010125905100721866]"
1164,2,2,"[0.17196761071681976, 0.10158248990774155, 0.4232758581638336, 0.029955385252833366, 0.20675820112228394, 0.06590253114700317, 0.0005578671698458493]"
1165,5,5,"[0.0004104733234271407, 0.0020911782048642635, 0.06324772536754608, 0.0005766798858530819, 0.12820835411548615, 0.8043659925460815, 0.00109957717359066]"
1166,5,5,"[0.00010584869596641511, 0.0005119121051393449, 0.0019350273068994284, 0.0008332976722158492, 0.001203230582177639, 0.9948023557662964, 0.0006082284380681813]"
1167,2,1,"[0.04618971794843674, 0.4895092844963074, 0.06521207839250565, 0.05404882878065109, 0.02622629888355732, 0.31171396374702454, 0.00709986686706543]"
1168,1,1,"[0.09635613113641739, 0.5468172430992126, 0.04305455833673477, 0.15917079150676727, 0.013424936681985855, 0.12952820956707, 0.01164815854281187]"
1169,5,5,"[0.00010872722486965358, 0.0002834073966369033, 0.0429573729634285, 0.0007239798433147371, 0.005309426225721836, 0.9505996108055115, 1.7492580809630454e-05]"
1170,5,5,"[1.677937871136237e-05, 6.26196779194288e-05, 0.003941928967833519, 9.900887380354106e-05, 0.0060665239579975605, 0.9894281029701233, 0.0003850687644444406]"
1171,2,2,"[0.029104530811309814, 0.012705579400062561, 0.8237017393112183, 0.014442897401750088, 0.03201018646359444, 0.08799152821302414, 4.3635420297505334e-05]"
1172,5,5,"[0.02401851676404476, 0.01931580901145935, 0.02704666182398796, 0.05632748827338219, 0.003715132363140583, 0.8695082664489746, 6.808075704611838e-05]"
1173,5,5,"[9.723343828227371e-05, 0.00022679167159367353, 0.013523641973733902, 0.0011641709133982658, 0.0011080167023465037, 0.9838692545890808, 1.0783631296362728e-05]"
1174,2,2,"[0.056617408990859985, 0.02541557513177395, 0.48053619265556335, 0.013670740649104118, 0.286969929933548, 0.1365683674812317, 0.00022172825993038714]"
1175,5,2,"[0.0296701118350029, 0.17746897041797638, 0.44495752453804016, 0.01696343533694744, 0.0840713307261467, 0.23785001039505005, 0.009018618613481522]"
1176,5,5,"[0.0002544384333305061, 0.0006936590070836246, 0.1248096153140068, 0.0002930401242338121, 0.13135714828968048, 0.741749107837677, 0.0008430039742961526]"
1177,5,5,"[5.169060023035854e-05, 0.0002718773321248591, 0.0021335033234208822, 0.0005977735272608697, 0.0006289119482971728, 0.9962455630302429, 7.068771083140746e-05]"
1178,5,5,"[0.0003148925316054374, 0.002087916014716029, 0.02207743003964424, 0.002271366538479924, 0.008142633363604546, 0.9632308483123779, 0.0018749856390058994]"
1179,5,5,"[0.0001413349382346496, 0.0005872237379662693, 0.006280025467276573, 0.0004778785223606974, 0.0010943113593384624, 0.9914072155952454, 1.1962216376559809e-05]"
1180,5,5,"[0.0009943466866388917, 0.001934276893734932, 0.0318654403090477, 0.0005872590118087828, 0.1308746635913849, 0.8334242105484009, 0.0003197523474227637]"
1181,4,5,"[0.0022425458300858736, 0.00462554395198822, 0.0412910059094429, 0.0006076893769204617, 0.39031922817230225, 0.5546935796737671, 0.006220330484211445]"
1182,5,5,"[0.0005583327729254961, 0.0012275843182578683, 0.22064326703548431, 0.00047331876703538, 0.11988722532987595, 0.6570707559585571, 0.00013955775648355484]"
1183,5,5,"[0.0013073149602860212, 0.004496615380048752, 0.0037361837457865477, 0.0073558492586016655, 0.0009862518636509776, 0.9813371300697327, 0.0007806419744156301]"
1184,0,0,"[0.4425457715988159, 0.2729801833629608, 0.1000119298696518, 0.1449228823184967, 0.016091711819171906, 0.022197645157575607, 0.0012498239520937204]"
1185,5,5,"[0.027579843997955322, 0.02299378253519535, 0.06170811876654625, 0.006834105122834444, 0.07413425296545029, 0.8066998720169067, 4.9985956138698384e-05]"
1186,0,4,"[0.013047750107944012, 0.003842891426756978, 0.21781763434410095, 0.002028767019510269, 0.5709103345870972, 0.1921042501926422, 0.00024838524404913187]"
1187,5,4,"[0.0011264677159488201, 0.000837114523164928, 0.06524959206581116, 0.0006468995125032961, 0.5027264356613159, 0.42879366874694824, 0.0006198391783982515]"
1188,5,5,"[0.0018278388306498528, 0.001860384363681078, 0.21737858653068542, 0.0006819317932240665, 0.11081255227327347, 0.6674006581306458, 3.81788304366637e-05]"
1189,5,5,"[5.544339364860207e-05, 0.00014117626415099949, 0.005490854848176241, 0.00030655317823402584, 0.0016369963996112347, 0.9923608899116516, 8.17096315586241e-06]"
1190,4,5,"[0.0008227084181271493, 0.002118960954248905, 0.13822579383850098, 0.0005614135880023241, 0.1340014487504959, 0.7240521907806396, 0.00021746923448517919]"
1191,1,0,"[0.40728482604026794, 0.3059384822845459, 0.06865992397069931, 0.10027428716421127, 0.013976290822029114, 0.10359595715999603, 0.0002701425109989941]"
1192,5,5,"[0.00029671494849026203, 0.0011778157204389572, 0.09162744879722595, 0.0005055635119788349, 0.2725296914577484, 0.6193275451660156, 0.014535232447087765]"
1193,5,5,"[7.344502228079364e-05, 0.00018351635662838817, 0.007461855188012123, 0.000545327493455261, 0.0009718422661535442, 0.9907541275024414, 9.861222679319326e-06]"
1194,2,2,"[0.0034356170799583197, 0.001192544586956501, 0.49898967146873474, 0.0011803116649389267, 0.23178081214427948, 0.26336827874183655, 5.2842613513348624e-05]"
1195,4,5,"[0.00032442653900943696, 0.0009538035956211388, 0.04712820425629616, 0.0006883899914100766, 0.2537429928779602, 0.689498782157898, 0.007663380820304155]"
1196,2,2,"[0.2511591613292694, 0.10274381190538406, 0.31998321413993835, 0.09145637601613998, 0.11788562685251236, 0.11656010895967484, 0.00021163217024877667]"
1197,5,5,"[0.00016659039829391986, 0.0003878114221151918, 0.011658778414130211, 0.00124648108612746, 0.0009724886622279882, 0.9855528473854065, 1.4949031537980773e-05]"
1198,5,0,"[0.40148863196372986, 0.09955665469169617, 0.25308024883270264, 0.04711801931262016, 0.10746395587921143, 0.09112536907196045, 0.00016715638048481196]"
1199,5,5,"[0.008037351071834564, 0.007494061253964901, 0.04483940452337265, 0.0446077436208725, 0.002473380882292986, 0.8924852609634399, 6.281106470851228e-05]"
1200,5,5,"[0.0014907740987837315, 0.0065258522517979145, 0.016271822154521942, 0.0010612898040562868, 0.1315125972032547, 0.8369908928871155, 0.006146754138171673]"
1201,5,5,"[9.88935717032291e-05, 0.00037875628913752735, 0.006732001435011625, 0.00128378183580935, 0.0007217225502245128, 0.990752100944519, 3.272182584623806e-05]"
1202,5,5,"[1.8065602489514276e-05, 0.00010680669220164418, 0.0024340630043298006, 0.0002292376448167488, 0.0012484181206673384, 0.9958945512771606, 6.87720748828724e-05]"
1203,4,1,"[0.23810137808322906, 0.5040709972381592, 0.035576943308115005, 0.1394219547510147, 0.020522940903902054, 0.05840715393424034, 0.0038986406289041042]"
1204,5,1,"[0.12423673272132874, 0.48114582896232605, 0.13035279512405396, 0.07956226170063019, 0.01769377291202545, 0.1652199923992157, 0.0017886138521134853]"
1205,5,5,"[0.00013082912482786924, 0.00020758304162882268, 0.009162304922938347, 0.0007084804819896817, 0.0011968386825174093, 0.9885885715484619, 5.429624707176117e-06]"
1206,5,5,"[0.00021595627185888588, 0.001807188498787582, 0.03817420080304146, 0.0003448288480285555, 0.12695086002349854, 0.8252253532409668, 0.0072816601023077965]"
1207,5,5,"[0.005084800533950329, 0.00581654068082571, 0.09405475109815598, 0.0031592922750860453, 0.2740079164505005, 0.6176613569259644, 0.00021533487597480416]"
1208,1,0,"[0.5355817675590515, 0.1664258986711502, 0.19550131261348724, 0.06819897145032883, 0.020115721970796585, 0.013911680318415165, 0.0002646540815476328]"
1209,2,2,"[0.19498270750045776, 0.05284951627254486, 0.43248599767684937, 0.05005234479904175, 0.21103103458881378, 0.05664939060807228, 0.0019490201957523823]"
1210,5,5,"[3.986464435001835e-05, 0.0002578401181381196, 0.003178406273946166, 0.000584163935855031, 0.0006804564618505538, 0.9952176809310913, 4.168493614997715e-05]"
1211,5,5,"[0.002078010467812419, 0.0014138404512777925, 0.18846657872200012, 0.0014031683094799519, 0.32985642552375793, 0.47667452692985535, 0.00010741502774180844]"
1212,5,5,"[3.320411633467302e-05, 0.00013704466982744634, 0.0039515867829322815, 0.00037516109296120703, 0.0009665663819760084, 0.9945228099822998, 1.3679219591722358e-05]"
1213,4,5,"[0.0032815802842378616, 0.003008047817274928, 0.05503860488533974, 0.0008375689503736794, 0.3573467433452606, 0.5797492861747742, 0.0007381897885352373]"
1214,1,1,"[0.2102728635072708, 0.6075873374938965, 0.02076537348330021, 0.1130872368812561, 0.005224365275353193, 0.03776105120778084, 0.005301786120980978]"
1215,5,5,"[2.9708364309044555e-05, 9.265091648558155e-05, 0.0031759506091475487, 0.00014707907394040376, 0.001825580489821732, 0.9947096109390259, 1.9488257748889737e-05]"
1216,4,5,"[0.022218307480216026, 0.24367588758468628, 0.13907790184020996, 0.01615409553050995, 0.08397682756185532, 0.478292316198349, 0.016604727134108543]"
1217,4,5,"[0.0005526840686798096, 0.0038976124487817287, 0.03365070000290871, 0.0006267328280955553, 0.19016966223716736, 0.7532050013542175, 0.017897622659802437]"
1218,5,5,"[0.0003093009872827679, 0.00044047634582966566, 0.045300185680389404, 0.00038107403088361025, 0.21716713905334473, 0.7354780435562134, 0.0009237916092388332]"
1219,4,2,"[0.09687864780426025, 0.0524115152657032, 0.5813502669334412, 0.016955172643065453, 0.17504142224788666, 0.07712703943252563, 0.00023592065554112196]"
1220,5,5,"[1.3958569979877211e-05, 8.891153265722096e-05, 0.0019068781984969974, 0.0002577423583716154, 0.0011852633906528354, 0.9964507818222046, 9.64215723797679e-05]"
1221,5,5,"[0.016259340569376945, 0.06619194895029068, 0.12479008734226227, 0.005919892806559801, 0.1954653561115265, 0.5874568819999695, 0.003916480112820864]"
1222,0,1,"[0.19287845492362976, 0.5612446665763855, 0.0356982946395874, 0.10524106025695801, 0.008700963109731674, 0.09283871203660965, 0.0033978447318077087]"
1223,2,2,"[0.006042677443474531, 0.004907064139842987, 0.7456151843070984, 0.004948018118739128, 0.03992137312889099, 0.19853252172470093, 3.318509698146954e-05]"
1224,4,5,"[0.0001293239911319688, 0.00046037518768571317, 0.028595859184861183, 0.00023897780920378864, 0.18580655753612518, 0.7782239317893982, 0.00654496718198061]"
1225,5,5,"[0.007911257445812225, 0.005129402037709951, 0.04894758015871048, 0.0016441895859315991, 0.1334334760904312, 0.8028503656387329, 8.368321869056672e-05]"
1226,5,5,"[0.00026673535467125475, 0.0035214608069509268, 0.009076312184333801, 0.0007370992680080235, 0.14175286889076233, 0.7807042002677917, 0.06394132226705551]"
1227,5,5,"[0.00016353483079001307, 0.0005701577174477279, 0.021100128069519997, 0.004544100724160671, 0.0013525532558560371, 0.9722116589546204, 5.7781318901106715e-05]"
1228,5,5,"[0.0015870574861764908, 0.008145514875650406, 0.0017356211319565773, 0.00900996197015047, 0.001423195586539805, 0.9765859842300415, 0.0015125982463359833]"
1229,3,1,"[0.06450828909873962, 0.7359034419059753, 0.028670717030763626, 0.0778542309999466, 0.005378657020628452, 0.06855190545320511, 0.019132792949676514]"
1230,5,5,"[0.002347965259104967, 0.0005291710840538144, 0.2486407309770584, 0.0009402328869327903, 0.2344350963830948, 0.5130687952041626, 3.7934863939881325e-05]"
1231,5,5,"[8.081295527517796e-05, 0.0005867935833521187, 0.0026690769009292126, 0.0007281404687091708, 0.0007120882510207593, 0.9950683116912842, 0.00015473063103854656]"
1232,0,0,"[0.2951734662055969, 0.2001589685678482, 0.12739261984825134, 0.13133075833320618, 0.02215401828289032, 0.22362540662288666, 0.00016474281437695026]"
1233,2,2,"[0.03787526860833168, 0.027217673137784004, 0.5730605125427246, 0.006621180102229118, 0.29764989018440247, 0.053630080074071884, 0.0039453948847949505]"
1234,2,2,"[0.14918042719364166, 0.3182559013366699, 0.38566717505455017, 0.0732956975698471, 0.022096173837780952, 0.05029069632291794, 0.0012139942264184356]"
1235,5,5,"[2.6018360586022027e-05, 0.00011356627510394901, 0.002519093919545412, 0.0001816451404010877, 0.0012554258573800325, 0.995836615562439, 6.764519639546052e-05]"
1236,5,5,"[0.004077028948813677, 0.0008495653164573014, 0.2413935512304306, 0.00997006893157959, 0.01537339761853218, 0.7283282279968262, 8.231387255364098e-06]"
1237,1,5,"[0.0013815213460475206, 0.009448227472603321, 0.01641690544784069, 0.0014659904409199953, 0.13620468974113464, 0.7555140852928162, 0.07956866919994354]"
1238,5,5,"[0.0001528384891571477, 0.000624599982984364, 0.009231754578649998, 0.0010516298934817314, 0.001465289038605988, 0.9874265193939209, 4.738790084957145e-05]"
1239,5,5,"[6.664505781373009e-05, 0.0003009397769346833, 0.0037184306420385838, 0.000469801074359566, 0.0008380191866308451, 0.9945704340934753, 3.5775959986494854e-05]"
1240,5,2,"[0.0031142206862568855, 0.002156997099518776, 0.5654920935630798, 0.003946148324757814, 0.09526436030864716, 0.32997798919677734, 4.8166144551942125e-05]"
1241,2,5,"[0.09853307157754898, 0.06131928786635399, 0.2175067961215973, 0.048770513385534286, 0.2802629768848419, 0.29344233870506287, 0.00016503399820066988]"
1242,5,5,"[8.578949928050861e-05, 0.00026238796999678016, 0.005571940913796425, 0.0009739932720549405, 0.0007961724186316133, 0.9922871589660645, 2.2579673895961605e-05]"
1243,5,5,"[0.0020521963015198708, 0.001260389108210802, 0.06435681879520416, 0.0008047330775298178, 0.2578938901424408, 0.6734449863433838, 0.00018693429592531174]"
1244,4,0,"[0.38983073830604553, 0.26224249601364136, 0.1979503482580185, 0.08475244790315628, 0.04266154393553734, 0.021776817739009857, 0.0007855942822061479]"
1245,5,5,"[0.0010719841811805964, 0.005905105732381344, 0.008683685213327408, 0.0030838274396955967, 0.0016787167405709624, 0.9795432090759277, 3.360071059432812e-05]"
1246,0,2,"[0.009003245271742344, 0.010372104123234749, 0.6892187595367432, 0.007109158206731081, 0.10601183027029037, 0.17820093035697937, 8.398592035518959e-05]"
1247,1,1,"[0.285108357667923, 0.6037701368331909, 0.02609272673726082, 0.05968458205461502, 0.0034617416094988585, 0.008323096670210361, 0.013559349812567234]"
1248,5,5,"[5.404377225204371e-05, 0.00019145185069646686, 0.00728541798889637, 0.0008480232208967209, 0.0008440641104243696, 0.9907558560371399, 2.11185215448495e-05]"
1249,5,5,"[2.8320086130406708e-05, 0.00014995461970102042, 0.0026004656683653593, 0.00017846128321252763, 0.001647351891733706, 0.9953699707984924, 2.5413575713173486e-05]"
1250,5,5,"[4.4966651330469176e-05, 0.00019822835747618228, 0.003162128385156393, 0.00031549003324471414, 0.000871115829795599, 0.9953822493553162, 2.571846380305942e-05]"
1251,5,5,"[0.0002485059667378664, 0.0016458694590255618, 0.05147683620452881, 0.00041765181231312454, 0.20505915582180023, 0.720453143119812, 0.020698770880699158]"
1252,4,4,"[0.002296198159456253, 0.0009839518461376429, 0.03391212224960327, 0.0009328555897809565, 0.7255833148956299, 0.23331262171268463, 0.0029789069667458534]"
1253,1,0,"[0.41667431592941284, 0.27038681507110596, 0.1654597967863083, 0.10171031951904297, 0.011824605986475945, 0.03361966460943222, 0.00032449743594042957]"
1254,5,5,"[3.61255879397504e-05, 0.00010415769793326035, 0.005366687662899494, 0.00021807325538247824, 0.0015947873471304774, 0.9926711320877075, 9.087668331630994e-06]"
1255,5,5,"[2.5133509552688338e-05, 0.0001506841799709946, 0.0019264008151367307, 0.0001275046670343727, 0.001925699063576758, 0.9957547187805176, 8.99045480764471e-05]"
1256,5,5,"[0.00033095679827965796, 0.0005076624220237136, 0.022907188162207603, 0.00045096894609741867, 0.4038393795490265, 0.5559887886047363, 0.01597508415579796]"
1257,5,5,"[8.821021765470505e-05, 0.00010899002518272027, 0.007974360138177872, 0.000318805017741397, 0.0032453173771500587, 0.9882610440254211, 3.2836953778314637e-06]"
1258,5,5,"[2.662903534655925e-05, 0.0001005930025712587, 0.003312068758532405, 0.000236306237638928, 0.0011768569238483906, 0.9951270818710327, 2.0463779947021976e-05]"
1259,5,5,"[0.012425043620169163, 0.005596415139734745, 0.1744711995124817, 0.0022060712799429893, 0.1021416187286377, 0.7031372785568237, 2.237014086858835e-05]"
1260,2,0,"[0.3762238919734955, 0.10900811105966568, 0.3640455901622772, 0.08895398676395416, 0.02625650353729725, 0.03536765277385712, 0.00014427100541070104]"
1261,2,2,"[0.14109334349632263, 0.08187727630138397, 0.5147064328193665, 0.015217327512800694, 0.19399552047252655, 0.05155704542994499, 0.0015530141536146402]"
1262,5,5,"[0.00010126203414984047, 0.0004949425347149372, 0.004595471080392599, 0.0014087624149397016, 0.0007277289405465126, 0.9925574064254761, 0.00011441328388173133]"
1263,5,5,"[0.0005350035498850048, 0.001248457352630794, 0.09122192114591599, 0.0003011981607414782, 0.14323486387729645, 0.7631819844245911, 0.0002764732635114342]"
1264,5,5,"[0.0009664291865192354, 0.011166802607476711, 0.04466158524155617, 0.0007742047309875488, 0.11967629194259644, 0.7832542657852173, 0.0395004004240036]"
1265,2,2,"[0.001483778702095151, 0.0011250362731516361, 0.658294141292572, 0.0018186824163421988, 0.05010708048939705, 0.28713929653167725, 3.194657983840443e-05]"
1266,5,5,"[4.552098107524216e-05, 0.00018806378648150712, 0.006583728361874819, 0.0008391072624363005, 0.0008239747839979827, 0.9914973378181458, 2.2258802346186712e-05]"
1267,5,5,"[3.5839279007632285e-05, 0.0001162301778094843, 0.0038497785571962595, 0.0002794736938085407, 0.0010247681057080626, 0.9946807026863098, 1.325230550719425e-05]"
1268,5,5,"[0.00011075735528720543, 0.001932408194988966, 0.0068216631188988686, 0.0006937562138773501, 0.007568288594484329, 0.9778573513031006, 0.005015876144170761]"
1269,5,5,"[0.002901746891438961, 0.018131017684936523, 0.4633540213108063, 0.003519246354699135, 0.029195662587881088, 0.4819920063018799, 0.0009063839097507298]"
1270,5,0,"[0.2526692748069763, 0.15225858986377716, 0.1865118145942688, 0.20161794126033783, 0.027171332389116287, 0.1792842596769333, 0.0004867601965088397]"
1271,0,1,"[0.2830372452735901, 0.5067805051803589, 0.041585251688957214, 0.11953872442245483, 0.00212589418515563, 0.04462052881717682, 0.0023118590470403433]"
1272,5,5,"[0.08556506782770157, 0.04761815071105957, 0.2986762523651123, 0.09923534095287323, 0.010255668312311172, 0.4585610628128052, 8.839306974550709e-05]"
1273,4,2,"[0.1089230477809906, 0.02481871470808983, 0.4430208206176758, 0.03229855000972748, 0.29658904671669006, 0.0942470133304596, 0.00010284423478879035]"
1274,5,5,"[6.14870514255017e-05, 0.00017410343571100384, 0.004100454971194267, 0.0004808136145584285, 0.0008524941513314843, 0.9943150877952576, 1.55920788529329e-05]"
1275,2,4,"[0.000827320443931967, 0.0008485749131068587, 0.11713244765996933, 0.00043718027882277966, 0.5096798539161682, 0.3701670467853546, 0.0009074953850358725]"
1276,2,2,"[0.2723352909088135, 0.07237169146537781, 0.4984014630317688, 0.1011701375246048, 0.02505374141037464, 0.030356459319591522, 0.00031120071071200073]"
1277,1,1,"[0.08457307517528534, 0.6607223153114319, 0.029277589172124863, 0.056862328201532364, 0.026016581803560257, 0.12106487154960632, 0.021483197808265686]"
1278,5,5,"[5.168279676581733e-05, 9.427394979866222e-05, 0.008261795155704021, 0.00018889100465457886, 0.0019859522581100464, 0.9894082546234131, 9.243337444786448e-06]"
1279,4,5,"[0.0043823909945786, 0.0021605915389955044, 0.4103248417377472, 0.0032429711427539587, 0.04819636419415474, 0.5316664576530457, 2.63894435192924e-05]"
1280,5,5,"[0.00065636943327263, 0.0048600113950669765, 0.03480597585439682, 0.0007866606465540826, 0.02028820291161537, 0.9384692907333374, 0.00013341948215384036]"
1281,5,0,"[0.4994056224822998, 0.23658642172813416, 0.15895280241966248, 0.08463650941848755, 0.009767170995473862, 0.008668268099427223, 0.0019832707475870848]"
1282,5,5,"[0.0007368656806647778, 0.008067660965025425, 0.021011188626289368, 0.0007172232144512236, 0.015468819998204708, 0.9534309506416321, 0.0005673193372786045]"
1283,0,0,"[0.40274176001548767, 0.3938711881637573, 0.06277403980493546, 0.09365624934434891, 0.020302385091781616, 0.02329745702445507, 0.0033569878432899714]"
1284,5,5,"[0.0011413415195420384, 0.0019639485981315374, 0.1675826907157898, 0.0004722617450170219, 0.1504659354686737, 0.678015410900116, 0.00035836410825140774]"
1285,5,5,"[0.0005517053068615496, 0.0004985211999155581, 0.3417440354824066, 0.0004906987305730581, 0.10265500843524933, 0.5539679527282715, 9.204739035340026e-05]"
1286,2,2,"[0.31847867369651794, 0.12589561939239502, 0.43354514241218567, 0.07132396847009659, 0.02671225182712078, 0.023631595075130463, 0.00041269822395406663]"
1287,5,5,"[0.0002646369393914938, 0.0003768793249037117, 0.015135467052459717, 0.0018689397256821394, 0.0011489359894767404, 0.9811946749687195, 1.0568521247478202e-05]"
1288,5,5,"[4.823936615139246e-05, 0.0001816450385376811, 0.0037581969518214464, 0.0005330882268026471, 0.0008294060826301575, 0.9946373105049133, 1.2105287169106305e-05]"
1289,0,1,"[0.15559683740139008, 0.27576467394828796, 0.13161541521549225, 0.10972291976213455, 0.0670967847108841, 0.2588023841381073, 0.0014009742299094796]"
1290,5,5,"[0.003573664929717779, 0.00337238353677094, 0.21068355441093445, 0.0013823600020259619, 0.31465330719947815, 0.46428465843200684, 0.0020501010585576296]"
1291,5,6,"[0.00021835128427483141, 0.0011849509319290519, 0.01796208694577217, 0.0005421559908427298, 0.1793748289346695, 0.2996338903903961, 0.5010837316513062]"
1292,5,5,"[0.0004896757309325039, 0.0007976731867529452, 0.12296436727046967, 0.000275802070973441, 0.1487402468919754, 0.726532518863678, 0.00019973710004705936]"
1293,5,5,"[9.465454786550254e-05, 0.0001681302092038095, 0.010292444378137589, 0.0008365811081603169, 0.0012473072856664658, 0.9873465895652771, 1.4357745385495946e-05]"
1294,5,5,"[6.565495277754962e-05, 0.0001434350706404075, 0.0030979462899267673, 0.00042863021371886134, 0.0010459304321557283, 0.9951958060264587, 2.2624664779868908e-05]"
1295,5,2,"[0.002181488322094083, 0.009218012914061546, 0.4297681152820587, 0.001061288290657103, 0.15379075706005096, 0.39644646644592285, 0.007533865515142679]"
1296,5,5,"[2.9055090635665692e-05, 0.00011279179307166487, 0.0029928267467767, 0.0002456165093462914, 0.001125887269154191, 0.9954734444618225, 2.044132816081401e-05]"
1297,5,5,"[0.0029746408108621836, 0.04522119462490082, 0.1705360859632492, 0.006301273591816425, 0.022804787382483482, 0.750906229019165, 0.0012558515882119536]"
1298,5,4,"[0.0006871233345009387, 0.0005745128728449345, 0.024354321882128716, 0.0004825819924008101, 0.5252202153205872, 0.4454572796821594, 0.0032239824067801237]"
1299,5,5,"[1.9815410269075073e-05, 0.00012596337182912976, 0.005119811277836561, 0.00022044983052182943, 0.0014530380722135305, 0.9929178357124329, 0.00014313541760202497]"
1300,5,5,"[0.00037806903128512204, 0.0021509064827114344, 0.05430245399475098, 0.00037486260407604277, 0.09493707120418549, 0.8455715775489807, 0.002285009017214179]"
1301,5,5,"[7.850602560210973e-05, 0.0005804359680041671, 0.04900000989437103, 0.0002526059397496283, 0.08295267075300217, 0.8628140091896057, 0.004321780521422625]"
1302,5,5,"[8.254832937382162e-05, 9.764444985194132e-05, 0.011034013703465462, 0.0002644551277626306, 0.0024446207098662853, 0.9860728979110718, 3.727754119609017e-06]"
1303,5,5,"[0.00013117498019710183, 0.00022863931371830404, 0.013253847137093544, 0.0011749936966225505, 0.0012284597614780068, 0.9839734435081482, 9.39427536650328e-06]"
1304,4,4,"[0.0024914750829339027, 0.0017532106721773744, 0.26563161611557007, 0.0010032925056293607, 0.40043237805366516, 0.32852503657341003, 0.00016300761490128934]"
1305,5,1,"[0.2093931883573532, 0.4096420705318451, 0.04459793493151665, 0.045009173452854156, 0.01492240745574236, 0.2753581404685974, 0.0010769949294626713]"
1306,5,5,"[2.3648452042834833e-05, 0.00018445336900185794, 0.002700727665796876, 0.00034090972621925175, 0.0008523296564817429, 0.9957833290100098, 0.00011461219401098788]"
1307,5,5,"[1.9622859326773323e-05, 0.00010366334026912227, 0.0023405675310641527, 0.00024159683380275965, 0.001215413329191506, 0.9960446357727051, 3.447138806222938e-05]"
1308,5,5,"[0.0001717246341286227, 0.0009799839463084936, 0.013046654872596264, 0.00028923715581186116, 0.13342244923114777, 0.8391104936599731, 0.01297942828387022]"
1309,5,5,"[5.5881650041555986e-05, 0.00030230660922825336, 0.0029808366671204567, 0.0005888984305784106, 0.0006456961273215711, 0.9953881502151489, 3.8138587115099654e-05]"
1310,5,5,"[9.444729585084133e-06, 8.434211486019194e-05, 0.0021422267891466618, 0.0002030212781392038, 0.0015133265405893326, 0.995867133140564, 0.00018059273133985698]"
1311,5,5,"[0.00011919471580768004, 0.0005386309348978102, 0.0030763759277760983, 0.0014802988152951002, 0.0006941466126590967, 0.9939887523651123, 0.00010256097448291257]"
1312,5,5,"[0.00011430700396886095, 0.00019427946244832128, 0.06919123977422714, 0.0002607035858090967, 0.10015545040369034, 0.8297300934791565, 0.00035386503441259265]"
1313,4,5,"[0.0008368064882233739, 0.0024764572735875845, 0.08229105919599533, 0.0006128526874817908, 0.44427672028541565, 0.45106974244117737, 0.018436387181282043]"
1314,5,5,"[2.8415368433343247e-05, 0.00011023887782357633, 0.002888914430513978, 0.0002235646970802918, 0.0011867857538163662, 0.9955407977104187, 2.121387660736218e-05]"
1315,5,5,"[0.0010957526974380016, 0.0021877370309084654, 0.062273330986499786, 0.0007774998084641993, 0.3510853052139282, 0.5812804102897644, 0.0012999832397326827]"
1316,2,1,"[0.3129880726337433, 0.4038791060447693, 0.09193594008684158, 0.12481078505516052, 0.02005443535745144, 0.04505526274442673, 0.0012763227568939328]"
1317,5,5,"[9.082126780413091e-05, 0.00018492339586373419, 0.005553273018449545, 0.0004383544728625566, 0.0018281055381521583, 0.99189692735672, 7.628100775036728e-06]"
1318,5,5,"[0.002536201849579811, 0.04392804950475693, 0.005584214814007282, 0.005745219066739082, 0.02758653648197651, 0.7709075808525085, 0.14371222257614136]"
1319,4,6,"[0.004819017369300127, 0.13570120930671692, 0.0445801205933094, 0.016615575179457664, 0.04291043058037758, 0.24318332970142365, 0.5121903419494629]"
1320,5,5,"[1.776641875039786e-05, 0.000122303725220263, 0.002938648918643594, 0.00018737779464572668, 0.0018419916741549969, 0.9946618676185608, 0.00023018450883682817]"
1321,5,5,"[0.0007525565451942384, 0.006023602560162544, 0.031197406351566315, 0.0008914454956538975, 0.2424929291009903, 0.6713940501213074, 0.0472479872405529]"
1322,5,4,"[0.0017583705484867096, 0.0011226547649130225, 0.07816382497549057, 0.0005571120418608189, 0.5810883045196533, 0.336095929145813, 0.0012138293823227286]"
1323,5,5,"[3.7950649129925296e-05, 0.00013370481610763818, 0.004635432735085487, 0.00039426845614798367, 0.001020417781546712, 0.9937653541564941, 1.2850340681325179e-05]"
1324,6,5,"[0.0005622697644867003, 0.01692940481007099, 0.01764092780649662, 0.001436787424609065, 0.07172957062721252, 0.6913504004478455, 0.20035061240196228]"
1325,5,5,"[4.854012877331115e-05, 0.0001750730152707547, 0.0030386908911168575, 0.00025352812372148037, 0.0010377541184425354, 0.9954167604446411, 2.9629285563714802e-05]"
1326,2,5,"[0.0009946682257577777, 0.004453361965715885, 0.00904019270092249, 0.01022349763661623, 0.0008191474480554461, 0.9741064310073853, 0.00036264926893636584]"
1327,6,1,"[0.03695225715637207, 0.5666399002075195, 0.019553065299987793, 0.06354895234107971, 0.010781913995742798, 0.04001034051179886, 0.26251354813575745]"
1328,5,5,"[0.0008112370851449668, 0.0006323701236397028, 0.03283621370792389, 0.0034273318015038967, 0.0019027773523703218, 0.9603825211524963, 7.444123639288591e-06]"
1329,1,2,"[0.11321555823087692, 0.12680105865001678, 0.5902664065361023, 0.07609705626964569, 0.027138397097587585, 0.06605885922908783, 0.0004226549353916198]"
1330,5,5,"[0.011211846955120564, 0.021628307178616524, 0.044104114174842834, 0.006602992303669453, 0.07362178713083267, 0.8427587151527405, 7.218016980914399e-05]"
1331,5,5,"[0.004664834123104811, 0.06095079705119133, 0.023986078798770905, 0.002883004490286112, 0.0492141917347908, 0.8466610312461853, 0.01164011750370264]"
1332,2,5,"[0.0006810114718973637, 0.0002357723715249449, 0.1390513777732849, 0.0003120722540188581, 0.11459249258041382, 0.7442718744277954, 0.0008554058149456978]"
1333,1,0,"[0.4294062852859497, 0.20920240879058838, 0.1460675299167633, 0.0677679032087326, 0.06699123978614807, 0.07992127537727356, 0.0006433073431253433]"
1334,4,2,"[0.0984124168753624, 0.1830696016550064, 0.38682428002357483, 0.02677127532660961, 0.06413067877292633, 0.24051690101623535, 0.0002747624821495265]"
1335,2,5,"[0.0024439708795398474, 0.0018046541372314095, 0.323834627866745, 0.0007074400200508535, 0.28993141651153564, 0.38101598620414734, 0.00026192449149675667]"
1336,4,5,"[0.028596287593245506, 0.07705368101596832, 0.13884422183036804, 0.009875974617898464, 0.27734872698783875, 0.4647200107574463, 0.0035610662307590246]"
1337,5,5,"[5.442052861326374e-05, 0.00020906870486214757, 0.0039316993206739426, 0.00038959310040809214, 0.0009303975966759026, 0.9944549202919006, 2.9909164368291385e-05]"
1338,5,5,"[8.933305070968345e-05, 0.00030853613861836493, 0.0042730290442705154, 0.0009945882484316826, 0.0007541056256741285, 0.9935417175292969, 3.8725222111679614e-05]"
1339,5,2,"[0.006970877293497324, 0.003301104996353388, 0.387037992477417, 0.0050467136316001415, 0.23448322713375092, 0.36309540271759033, 6.469407526310533e-05]"
1340,2,5,"[0.0003929123340640217, 0.0018507239874452353, 0.29220423102378845, 0.0007303977617993951, 0.03729040175676346, 0.6670817732810974, 0.0004495325265452266]"
1341,4,5,"[0.004526995588093996, 0.0031736083328723907, 0.06074224039912224, 0.0020004790276288986, 0.4234517812728882, 0.5057458877563477, 0.0003590575070120394]"
1342,2,5,"[0.003947068005800247, 0.0018198740435764194, 0.2997271716594696, 0.005520505830645561, 0.017235415056347847, 0.6717464923858643, 3.4432680422469275e-06]"
1343,5,5,"[0.005117384251207113, 0.015791699290275574, 0.08291487395763397, 0.0015490064397454262, 0.1496966928243637, 0.7437206506729126, 0.001209736685268581]"
1344,5,5,"[0.0007469537085853517, 0.0007243062136694789, 0.015273187309503555, 0.005104852840304375, 0.001439552754163742, 0.9766882061958313, 2.289795156684704e-05]"
1345,2,2,"[0.10759349912405014, 0.021828625351190567, 0.40118828415870667, 0.10855717211961746, 0.021633965894579887, 0.3391566872596741, 4.174861896899529e-05]"
1346,5,5,"[0.0011098138056695461, 0.0014176105614751577, 0.37479910254478455, 0.0004105784755665809, 0.14412011206150055, 0.4779178500175476, 0.0002249384269816801]"
1347,5,5,"[0.00020775108714587986, 0.0005310997366905212, 0.009834548458456993, 0.0020712686236947775, 0.0008692405535839498, 0.9864522218704224, 3.3841126423794776e-05]"
1348,5,5,"[0.005959528964012861, 0.03804907575249672, 0.21166208386421204, 0.003975262865424156, 0.09900645911693573, 0.640243411064148, 0.0011041907127946615]"
1349,5,5,"[0.0017374882008880377, 0.00416066637262702, 0.047248683869838715, 0.0008946544257923961, 0.14567053318023682, 0.7998599410057068, 0.0004279937129467726]"
1350,4,5,"[0.004711304325610399, 0.002878324594348669, 0.07369359582662582, 0.0008450302993878722, 0.3867042362689972, 0.5307132005691528, 0.00045427106670103967]"
1351,2,5,"[0.001144296140410006, 0.0011916608782485127, 0.03910432383418083, 0.0004253147344570607, 0.3738877773284912, 0.5827190279960632, 0.0015275335172191262]"
1352,5,5,"[0.001332959160208702, 0.000664528226479888, 0.11809235066175461, 0.004926484078168869, 0.004555288702249527, 0.8704229593276978, 5.483809218276292e-06]"
1353,5,5,"[2.547033000155352e-05, 0.00015023103333078325, 0.006920516490936279, 0.00042695447336882353, 0.00141438958235085, 0.9910271763801575, 3.520242535159923e-05]"
1354,5,5,"[0.01894938386976719, 0.023232998326420784, 0.03664121404290199, 0.002742974553257227, 0.2039131373167038, 0.7125317454338074, 0.0019885727670043707]"
1355,5,4,"[0.001266368548385799, 0.000781893846578896, 0.06855660676956177, 0.0006435477989725769, 0.5520914793014526, 0.3762913644313812, 0.0003686660493258387]"
1356,5,5,"[6.497083813883364e-05, 0.0003654015308711678, 0.004326239228248596, 0.0009399107657372952, 0.0007012204732745886, 0.9935595989227295, 4.263663504389115e-05]"
1357,5,5,"[2.6064210032927804e-05, 0.0001066359254764393, 0.0054932343773543835, 0.0003236890770494938, 0.00112136488314718, 0.9929054975509644, 2.342540756217204e-05]"
1358,5,5,"[2.217852306785062e-05, 0.0002326499088667333, 0.002064581261947751, 0.0005552827497012913, 0.0008827137062326074, 0.9958815574645996, 0.0003611033607739955]"
1359,2,2,"[0.028154877945780754, 0.015163438394665718, 0.850074052810669, 0.017242757603526115, 0.03845461830496788, 0.05082249268889427, 8.775517926551402e-05]"
1360,4,5,"[0.000646736123599112, 0.0016410244861617684, 0.026026498526334763, 0.0006590788252651691, 0.34304583072662354, 0.6200886368751526, 0.007892219349741936]"
1361,5,5,"[0.0006122551276348531, 0.006723858416080475, 0.009097540751099586, 0.0006706641870550811, 0.046825818717479706, 0.9325690865516663, 0.0035007810220122337]"
1362,5,5,"[4.7038305638125166e-05, 0.0001849278196459636, 0.0036935312673449516, 0.0006622854270972311, 0.0008017863146960735, 0.9945804476737976, 2.9952332624816336e-05]"
1363,5,5,"[0.00042712001595646143, 0.0005482870619744062, 0.3136918544769287, 0.00040784303564578295, 0.04501279443502426, 0.6398695111274719, 4.2560968722682446e-05]"
1364,5,5,"[8.787770639173687e-05, 0.0002926182933151722, 0.0337839238345623, 0.00024314102483913302, 0.06093994900584221, 0.9035065174102783, 0.0011460710084065795]"
1365,1,0,"[0.43718665838241577, 0.18537163734436035, 0.12381142377853394, 0.017500320449471474, 0.14053580164909363, 0.09489026665687561, 0.0007038823678158224]"
1366,5,5,"[0.0017856645863503218, 0.0032774361316114664, 0.008066391572356224, 0.0010303240269422531, 0.02629070356488228, 0.9594303965568542, 0.0001190537223010324]"
1367,5,5,"[0.00010020264016930014, 0.0001987313007703051, 0.0060232095420360565, 0.0006383722648024559, 0.0010835588909685612, 0.9919500350952148, 5.740634151152335e-06]"
1368,5,5,"[0.00012012836668873206, 0.0007399126188829541, 0.02685050666332245, 0.00034422523458488286, 0.1733020395040512, 0.7685994505882263, 0.030043665319681168]"
1369,5,5,"[4.8611953388899565e-05, 0.00011881130922120064, 0.006128260400146246, 0.00036557530984282494, 0.001186746871098876, 0.9921436309814453, 8.37408151710406e-06]"
1370,5,5,"[0.0022274446673691273, 0.002691230969503522, 0.02643846534192562, 0.009454549290239811, 0.0017281653126701713, 0.957436203956604, 2.404978295089677e-05]"
1371,5,5,"[0.00037256116047501564, 0.001744728535413742, 0.0538882240653038, 0.00030812498880550265, 0.17268577218055725, 0.7674170136451721, 0.003583485260605812]"
1372,5,5,"[0.00014741312770638615, 0.0002813918690662831, 0.007363592274487019, 0.0009276982746087015, 0.0010117609053850174, 0.9902552962303162, 1.2742701983370353e-05]"
1373,5,2,"[0.015649858862161636, 0.006433530244976282, 0.47299420833587646, 0.007551198825240135, 0.0670575350522995, 0.4302571713924408, 5.655267887050286e-05]"
1374,5,5,"[8.353753946721554e-05, 0.0005357041372917593, 0.00267730257473886, 0.0009580577025189996, 0.0006771304761059582, 0.9948733448982239, 0.00019495176093187183]"
1375,0,0,"[0.49163442850112915, 0.0692949891090393, 0.3100999891757965, 0.047170333564281464, 0.03174139931797981, 0.05000079795718193, 5.804348984383978e-05]"
1376,6,6,"[0.00151584402192384, 0.05105408653616905, 0.006113796960562468, 0.007915006950497627, 0.005724166054278612, 0.019195610657334328, 0.9084814786911011]"
1377,5,5,"[6.696206401102245e-05, 0.00018255789473187178, 0.002906801411882043, 0.0005253565032035112, 0.0008849219884723425, 0.9954130053520203, 2.0541327103273943e-05]"
1378,5,5,"[4.9575184675632045e-05, 0.00019466641242615879, 0.0038633355870842934, 0.0007718930719420314, 0.0007649445324204862, 0.9943128824234009, 4.277746120351367e-05]"
1379,5,4,"[0.015006858855485916, 0.0031499299220740795, 0.15302816033363342, 0.0027093819808214903, 0.6361680626869202, 0.18978306651115417, 0.00015455203538294882]"
1380,5,5,"[7.702492439420894e-05, 0.00024696820764802396, 0.002290582051500678, 0.0005348945269361138, 0.000865383364725858, 0.9959481358528137, 3.703832771861926e-05]"
1381,5,5,"[0.0035336229484528303, 0.0013814950361847878, 0.2659624218940735, 0.006227577570825815, 0.008584228344261646, 0.714303195476532, 7.421101599902613e-06]"
1382,4,5,"[0.02001429907977581, 0.016282951459288597, 0.11441602557897568, 0.002482801442965865, 0.38818588852882385, 0.45811551809310913, 0.0005024863639846444]"
1383,5,5,"[0.08034338802099228, 0.04237961769104004, 0.12289215624332428, 0.010202617384493351, 0.2404426485300064, 0.5036072134971619, 0.00013236382801551372]"
1384,5,5,"[0.0003780691768042743, 0.0006378308171406388, 0.028543507680296898, 0.0004366152861621231, 0.137576624751091, 0.8318918943405151, 0.0005353837623260915]"
1385,5,5,"[5.321741627994925e-05, 0.00021716814080718905, 0.0027177438605576754, 0.0005393429892137647, 0.0007550138398073614, 0.9956783652305603, 3.913426189683378e-05]"
1386,4,2,"[0.030795816332101822, 0.015415328554809093, 0.7064114809036255, 0.022891327738761902, 0.057484693825244904, 0.16695013642311096, 5.121579670230858e-05]"
1387,5,5,"[0.0023496076464653015, 0.0018227249383926392, 0.05720441788434982, 0.000775398628320545, 0.3108910918235779, 0.6260907649993896, 0.0008659660234116018]"
1388,5,5,"[3.8625272281933576e-05, 9.599341865396127e-05, 0.004858177155256271, 0.00022523681400343776, 0.0018731639720499516, 0.9928996562957764, 9.17654688237235e-06]"
1389,5,5,"[3.345273216837086e-05, 7.801967876730487e-05, 0.007202367763966322, 0.0002765576064120978, 0.001388169708661735, 0.9910064339637756, 1.4998158803791739e-05]"
1390,5,5,"[2.719180702115409e-05, 0.00010941182699752972, 0.002717542229220271, 0.00013643884449265897, 0.002521354705095291, 0.9944359064102173, 5.217857687966898e-05]"
1391,5,4,"[0.0011106616584584117, 0.0012470498913899064, 0.031493622809648514, 0.000776938337367028, 0.5428563952445984, 0.4159547984600067, 0.006560445763170719]"
1392,5,5,"[6.793504144297913e-05, 0.0002638225560076535, 0.007316601928323507, 0.0005255158175714314, 0.0008994070813059807, 0.9909077882766724, 1.8980119421030395e-05]"
1393,5,0,"[0.3612447679042816, 0.32967934012413025, 0.1992729753255844, 0.07781636714935303, 0.014649306423962116, 0.015995992347598076, 0.0013411896070465446]"
1394,5,5,"[0.00010353475954616442, 0.000758269801735878, 0.03440358489751816, 0.00019192020408809185, 0.06371241807937622, 0.8988602757453918, 0.0019699707627296448]"
1395,5,5,"[0.00011451132013462484, 0.0006253781612031162, 0.0038666618056595325, 0.0010158309014514089, 0.0005548843182623386, 0.993787944316864, 3.475207995506935e-05]"
1396,5,5,"[1.5085776794876438e-05, 9.061398304766044e-05, 0.0018168207025155425, 0.00014980525884311646, 0.0016505725216120481, 0.996178150177002, 9.900946315610781e-05]"
1397,5,5,"[0.00027595346909947693, 0.0003172665892634541, 0.06996683776378632, 0.0017980359261855483, 0.0038288801442831755, 0.9238075613975525, 5.466515631269431e-06]"
1398,5,2,"[0.006694992538541555, 0.0028251628391444683, 0.7558934688568115, 0.003961979411542416, 0.061065204441547394, 0.16953279078006744, 2.6442654416314326e-05]"
1399,5,5,"[7.369073136942461e-05, 0.0006151295965537429, 0.002545237774029374, 0.00047453748993575573, 0.0028281081467866898, 0.9931467175483704, 0.0003165564266964793]"
1400,5,5,"[4.452381836017594e-05, 0.00035183390718884766, 0.0018805686850100756, 0.0006283069378696382, 0.0006576057057827711, 0.996253490447998, 0.000183700438356027]"
1401,5,5,"[3.100002504652366e-05, 0.0001757599675329402, 0.003876112401485443, 0.00018273461319040507, 0.0026058771181851625, 0.9929748773574829, 0.0001536430645501241]"
1402,5,5,"[9.058120485860854e-05, 0.0003822948201559484, 0.007193358615040779, 0.001209929003380239, 0.0008631956879980862, 0.9902417063713074, 1.881202115328051e-05]"
1403,5,5,"[0.06711913645267487, 0.01387505978345871, 0.2141207605600357, 0.011766629293560982, 0.06094379350543022, 0.6321577429771423, 1.687024996499531e-05]"
1404,4,5,"[0.003606800688430667, 0.015560952946543694, 0.023405181244015694, 0.0033663627691566944, 0.1395118683576584, 0.8045670390129089, 0.009981811046600342]"
1405,2,4,"[0.2333202213048935, 0.13793982565402985, 0.20977561175823212, 0.042643409222364426, 0.2510765790939331, 0.12350156903266907, 0.0017427228158339858]"
1406,4,5,"[0.0001359794696327299, 0.0003889890213031322, 0.04556547850370407, 0.000252194469794631, 0.19254697859287262, 0.7579918503761292, 0.0031184956897050142]"
1407,5,5,"[0.00046946288784965873, 0.0005237816367298365, 0.03398210555315018, 0.00204459042288363, 0.001668380107730627, 0.9613068699836731, 4.664542757382151e-06]"
1408,2,4,"[0.0006672021117992699, 0.0011311982525512576, 0.08514272421598434, 0.0006483689649030566, 0.5909592509269714, 0.27331307530403137, 0.04813820496201515]"
1409,4,2,"[0.027630018070340157, 0.044617485255002975, 0.5826868414878845, 0.010010719299316406, 0.18957467377185822, 0.13935287296772003, 0.006127410568296909]"
1410,5,5,"[0.00015188164252322167, 0.0009482311434112489, 0.0020939416717737913, 0.0018240317003801465, 0.0007092640153132379, 0.993857204914093, 0.0004153740010224283]"
1411,5,5,"[0.0007318160496652126, 0.0031221264507621527, 0.02758488990366459, 0.0005766988033428788, 0.2659677267074585, 0.695469319820404, 0.006547438446432352]"
1412,5,1,"[0.06099088490009308, 0.7548535466194153, 0.02970918081700802, 0.06728975474834442, 0.0056491391733288765, 0.06891582906246185, 0.012591712176799774]"
1413,5,5,"[0.005178279243409634, 0.00532941147685051, 0.1510665863752365, 0.0030562763568013906, 0.09080816060304642, 0.7445449233055115, 1.641429480514489e-05]"
1414,5,5,"[0.00014264672063291073, 0.0003213882155250758, 0.1456633061170578, 0.00022015841386746615, 0.08041318506002426, 0.7729253172874451, 0.00031405407935380936]"
1415,4,5,"[0.0007416951702907681, 0.0011591053334996104, 0.18431122601032257, 0.0006763490964658558, 0.11797071993350983, 0.6950070858001709, 0.00013381594908423722]"
1416,5,5,"[0.0002233033301308751, 0.0014312315033748746, 0.08540143817663193, 0.0003788160684052855, 0.07282533496618271, 0.8391071557998657, 0.0006326870061457157]"
1417,0,1,"[0.08204583823680878, 0.7625083327293396, 0.026535989716649055, 0.0665920078754425, 0.0041837431490421295, 0.04433271288871765, 0.013801363296806812]"
1418,5,5,"[0.01289549469947815, 0.010661153122782707, 0.04600949212908745, 0.002089295070618391, 0.0950469970703125, 0.833177924156189, 0.0001196154480567202]"
1419,1,1,"[0.2777688801288605, 0.34362488985061646, 0.23610982298851013, 0.09463566541671753, 0.019192922860383987, 0.0274769626557827, 0.0011909109307453036]"
1420,5,5,"[5.320487980498001e-05, 0.00016644239076413214, 0.0039045687299221754, 0.00046669726725667715, 0.0008254002314060926, 0.9945613741874695, 2.2370533770299517e-05]"
1421,5,5,"[0.0002463163109496236, 0.0016040393384173512, 0.011286549270153046, 0.0013057143660262227, 0.0009075740817934275, 0.9844871163368225, 0.00016257070819847286]"
1422,5,5,"[4.127995271119289e-05, 0.00017178751295432448, 0.00310886581428349, 0.0006135806324891746, 0.0007734874961897731, 0.9952593445777893, 3.166486931149848e-05]"
1423,5,0,"[0.34632810950279236, 0.07268022000789642, 0.19463208317756653, 0.08095718175172806, 0.06035175547003746, 0.2449827939271927, 6.785626464989036e-05]"
1424,0,2,"[0.3091101348400116, 0.09556428343057632, 0.39900270104408264, 0.07851886749267578, 0.057976506650447845, 0.05967545881867409, 0.00015208956028800458]"
1425,5,5,"[0.0005162076558917761, 0.0005561708239838481, 0.020859921351075172, 0.00041646751924417913, 0.06418740749359131, 0.9134445786476135, 1.9177025023964234e-05]"
1426,4,5,"[0.0028253498021513224, 0.002350932452827692, 0.17157836258411407, 0.0010208148742094636, 0.3881397247314453, 0.43393608927726746, 0.0001487970439484343]"
1427,5,5,"[0.00022595396148972213, 0.00036091983201913536, 0.11702325195074081, 0.0004160287498962134, 0.150765523314476, 0.7306808829307556, 0.0005274043069221079]"
1428,5,5,"[0.010207070037722588, 0.04604901000857353, 0.019602779299020767, 0.014226311817765236, 0.08834026008844376, 0.8150675296783447, 0.006507053505629301]"
1429,5,5,"[0.17761372029781342, 0.07733596116304398, 0.16016852855682373, 0.04131602868437767, 0.10797364264726639, 0.43552976846694946, 6.237794150365517e-05]"
1430,5,5,"[0.0034370822831988335, 0.0013714091619476676, 0.19323603808879852, 0.01258925348520279, 0.006383821368217468, 0.7829685807228088, 1.390384386468213e-05]"
1431,5,5,"[0.0022440804168581963, 0.001650425256229937, 0.23206457495689392, 0.0016001496696844697, 0.2954583764076233, 0.46683937311172485, 0.000143038370879367]"
1432,5,5,"[2.0076651708222926e-05, 9.199421765515581e-05, 0.0021515667904168367, 0.0001431205018889159, 0.0019246014999225736, 0.9956219792366028, 4.6610173740191385e-05]"
1433,4,5,"[0.0009265898261219263, 0.002261524321511388, 0.02282404899597168, 0.0005470032338052988, 0.3530743718147278, 0.6173508167266846, 0.00301558431237936]"
1434,2,2,"[0.005267385393381119, 0.0038306699134409428, 0.6568421125411987, 0.002656257012858987, 0.06483245640993118, 0.2665369510650635, 3.420195935177617e-05]"
1435,2,0,"[0.36605924367904663, 0.1538589894771576, 0.28306442499160767, 0.11005104333162308, 0.053845714777708054, 0.03257564827799797, 0.0005449049058370292]"
1436,2,1,"[0.2428426742553711, 0.4350600242614746, 0.17448006570339203, 0.07291051745414734, 0.01611189730465412, 0.057516276836395264, 0.0010785071644932032]"
1437,5,2,"[0.024775415658950806, 0.011313310824334621, 0.44374242424964905, 0.0070044416934251785, 0.26363813877105713, 0.24944530427455902, 8.091494237305596e-05]"
1438,5,5,"[0.0003439309948589653, 0.00017064101120922714, 0.10291122645139694, 0.0009562522172927856, 0.0095589030534029, 0.8860544562339783, 4.5739516281173564e-06]"
1439,5,5,"[9.055037662619725e-05, 0.00014755260781385005, 0.00630473718047142, 0.0005033575580455363, 0.0012200361816212535, 0.991727352142334, 6.347559065034147e-06]"
1440,5,5,"[2.578234489192255e-05, 0.0001288112107431516, 0.0045290482230484486, 0.0002173729590140283, 0.0015767784789204597, 0.9933902025222778, 0.00013191417383495718]"
1441,5,5,"[0.07002554833889008, 0.06620708107948303, 0.22458896040916443, 0.044958874583244324, 0.2324541211128235, 0.3610292375087738, 0.0007361775496974587]"
1442,5,5,"[0.0005917840171605349, 0.0012841281713917851, 0.024584507569670677, 0.0004809129168279469, 0.2856901288032532, 0.6835271120071411, 0.00384136033244431]"
1443,5,5,"[6.504706107079983e-05, 0.0001149729432654567, 0.010406572371721268, 0.0005412554019130766, 0.001541306497529149, 0.9873250722885132, 5.666084234690061e-06]"
1444,4,1,"[0.1146434023976326, 0.4191860258579254, 0.17843177914619446, 0.03520889952778816, 0.11281737685203552, 0.13220903277397156, 0.0075035057961940765]"
1445,5,5,"[0.00236665946431458, 0.001959398854523897, 0.03693843632936478, 0.0009291033493354917, 0.06801827251911163, 0.8897385597229004, 4.949420690536499e-05]"
1446,5,2,"[0.009528273716568947, 0.007465630304068327, 0.7296585440635681, 0.005072386935353279, 0.0705859512090683, 0.17763489484786987, 5.4276020819088444e-05]"
1447,5,5,"[0.00025995096075348556, 0.001061484683305025, 0.0024777210783213377, 0.002633624244481325, 0.0006805972079746425, 0.9927391409873962, 0.00014743278734385967]"
1448,5,5,"[0.002089246641844511, 0.005738545209169388, 0.050054822117090225, 0.0013076416216790676, 0.06826172024011612, 0.8724560141563416, 9.197815234074369e-05]"
1449,5,5,"[3.17284902848769e-05, 0.0001868903054855764, 0.03625559061765671, 0.00018824459402821958, 0.043297044932842255, 0.9180419445037842, 0.0019985162653028965]"
1450,4,4,"[0.03391026332974434, 0.0351085439324379, 0.13657991588115692, 0.011527849361300468, 0.5680132508277893, 0.210297092795372, 0.004563106689602137]"
1451,4,4,"[0.0007443501963280141, 0.00042209497769363225, 0.07417644560337067, 0.00032587500754743814, 0.4639774262905121, 0.4600265920162201, 0.00032726573408581316]"
1452,5,5,"[3.5907716664951295e-05, 0.0002264752401970327, 0.002060777274891734, 0.0005044036079198122, 0.0007714373059570789, 0.9962873458862305, 0.00011364185047568753]"
1453,5,5,"[0.00021828367607668042, 0.0003836637479253113, 0.008840278722345829, 0.0015948767540976405, 0.0012254890752956271, 0.9877231121063232, 1.4396970072994009e-05]"
1454,0,2,"[0.05647055804729462, 0.007262412924319506, 0.5270895957946777, 0.036901991814374924, 0.02703891322016716, 0.34522250294685364, 1.4041392205399461e-05]"
1455,5,5,"[2.1290536096785218e-05, 6.954246055101976e-05, 0.003733102697879076, 0.0001441255590179935, 0.002831247868016362, 0.9931570887565613, 4.364628330222331e-05]"
1456,5,2,"[0.013791949488222599, 0.01516851969063282, 0.4706439971923828, 0.012827368453145027, 0.052680857479572296, 0.43481454253196716, 7.28057639207691e-05]"
1457,5,5,"[5.996360778226517e-05, 0.00015953586262185127, 0.007829120382666588, 0.0006230437429621816, 0.0010641557164490223, 0.9902558922767639, 8.372596312256064e-06]"
1458,0,1,"[0.22053325176239014, 0.39078429341316223, 0.08014074712991714, 0.05520426854491234, 0.09812852740287781, 0.15323197841644287, 0.00197691866196692]"
1459,2,4,"[0.15042410790920258, 0.10627431422472, 0.2100800722837448, 0.0313020795583725, 0.3470083773136139, 0.15442724525928497, 0.0004837794112972915]"
1460,2,1,"[0.1670515239238739, 0.3713095486164093, 0.3162854015827179, 0.08778776973485947, 0.016780974343419075, 0.039329078048467636, 0.0014557436807081103]"
1461,2,2,"[0.011559873819351196, 0.0101768271997571, 0.8640417456626892, 0.01066691242158413, 0.034289270639419556, 0.06917572766542435, 8.959499245975167e-05]"
1462,3,3,"[0.19847166538238525, 0.10669314861297607, 0.15709428489208221, 0.4209739565849304, 0.0077131143771111965, 0.08889193832874298, 0.020161954686045647]"
1463,5,5,"[0.00010369442316005006, 0.0001940499059855938, 0.012116738595068455, 0.0004848555545322597, 0.001478744437918067, 0.9856129288673401, 8.86345424078172e-06]"
1464,5,5,"[0.0012291880557313561, 0.0015057080890983343, 0.08730554580688477, 0.0007580648525618017, 0.22898590564727783, 0.6799712777137756, 0.0002443379780743271]"
1465,4,5,"[0.0003499583399388939, 0.00021987447689753026, 0.02638605795800686, 0.000460758717963472, 0.03663596510887146, 0.9359337091445923, 1.3621798643725924e-05]"
1466,4,2,"[0.022678693756461143, 0.006678095553070307, 0.5963308811187744, 0.010371610522270203, 0.23967094719409943, 0.12416168302297592, 0.00010802317410707474]"
1467,5,5,"[1.0924329217232298e-05, 7.588500011479482e-05, 0.0031028015073388815, 0.0001921770890476182, 0.001544137136079371, 0.9949662089347839, 0.00010789723455673084]"
1468,5,5,"[6.751673936378211e-05, 0.0004451239947229624, 0.0019474532455205917, 0.0008605963084846735, 0.0008594353566877544, 0.9954566955566406, 0.0003631811123341322]"
1469,5,5,"[7.923277735244483e-05, 0.00017837750783655792, 0.009483194909989834, 0.0006669601425528526, 0.00108430499676615, 0.9884981513023376, 9.735474122862797e-06]"
1470,5,5,"[0.002562242792919278, 0.0027471978683024645, 0.018620559945702553, 0.0008339674095623195, 0.018712304532527924, 0.9565017223358154, 2.198454058088828e-05]"
1471,0,2,"[0.062098197638988495, 0.02300100214779377, 0.6977221965789795, 0.012636411935091019, 0.13070963323116302, 0.07372669875621796, 0.00010587008000584319]"
1472,5,5,"[0.00011140057176817209, 0.0001354920823359862, 0.012880988419055939, 0.0004598373780027032, 0.0017530117183923721, 0.9846549034118652, 4.3706854739866685e-06]"
1473,5,1,"[0.11103849112987518, 0.7077972292900085, 0.03288005292415619, 0.03764018416404724, 0.013315137475728989, 0.09335308521986008, 0.003975789528340101]"
1474,5,5,"[0.0020123550202697515, 0.0009093454573303461, 0.3817274868488312, 0.0011349314590916038, 0.2293705940246582, 0.3847700357437134, 7.528769492637366e-05]"
1475,5,5,"[0.0012205940438434482, 0.0010790087981149554, 0.06655243039131165, 0.006592964753508568, 0.002212013117969036, 0.9223334789276123, 9.524116649117786e-06]"
1476,4,5,"[0.00033007387537509203, 0.00027780194068327546, 0.09504355490207672, 0.00042454959475435317, 0.3391115963459015, 0.5638219118118286, 0.0009905754122883081]"
1477,2,5,"[0.0005441472167149186, 0.005584164056926966, 0.037759896367788315, 0.0008031443576328456, 0.12095026671886444, 0.8166254162788391, 0.017732983455061913]"
1478,1,1,"[0.02506321296095848, 0.5896198153495789, 0.01452364306896925, 0.024938516318798065, 0.012554684653878212, 0.18276695907115936, 0.15053321421146393]"
1479,5,5,"[0.0006237693014554679, 0.0029888188000768423, 0.06890823692083359, 0.0004908588016405702, 0.04066877067089081, 0.8861264586448669, 0.00019311487267259508]"
1480,5,5,"[0.0032748577650636435, 0.03268514946103096, 0.1697765290737152, 0.0039779506623744965, 0.010622314177453518, 0.7794669270515442, 0.0001962925452971831]"
1481,5,5,"[6.730985478498042e-05, 0.00015137469745241106, 0.009928308427333832, 0.0006562627386301756, 0.0013026256347075105, 0.9878880381584167, 6.106582077336498e-06]"
1482,5,5,"[0.0001536890777060762, 0.0002637317811604589, 0.005115695297718048, 0.0005298972246237099, 0.0011037305230274796, 0.992819607257843, 1.3755326108366717e-05]"
1483,5,5,"[5.7921770348912105e-05, 0.00018553712288849056, 0.0048158783465623856, 0.000746419420465827, 0.0008184119360521436, 0.9933512806892395, 2.4623161152703688e-05]"
1484,5,5,"[3.84886225219816e-05, 0.00015069737855810672, 0.0037776886019855738, 0.0004344843327999115, 0.0008703063940629363, 0.9947096109390259, 1.872761276899837e-05]"
1485,5,5,"[2.025729372689966e-05, 0.00012761667312588543, 0.0025439586024731398, 0.0004327711940277368, 0.0009096808498725295, 0.9958798885345459, 8.583022281527519e-05]"
1486,5,5,"[5.252456685411744e-05, 0.00017055621719919145, 0.004901574924588203, 0.0007566650747321546, 0.0009222442167811096, 0.9931772947311401, 1.9070908820140176e-05]"
1487,1,5,"[0.12462560087442398, 0.10321874171495438, 0.1377304196357727, 0.02441371977329254, 0.14662373065948486, 0.4632279574871063, 0.00015977422299329191]"
1488,5,5,"[0.006733615882694721, 0.013591248542070389, 0.01186071801930666, 0.0036531526129692793, 0.29162323474884033, 0.6695266366004944, 0.0030113733373582363]"
1489,2,5,"[0.000957100884988904, 0.0012028513010591269, 0.27225184440612793, 0.00037357848486863077, 0.15596869587898254, 0.5690639615058899, 0.00018205023661721498]"
1490,5,5,"[0.00011966239981120452, 0.0006370246410369873, 0.0033878698013722897, 0.0013035580050200224, 0.0007250154158100486, 0.9936819076538086, 0.00014483128325082362]"
1491,5,5,"[3.834448943962343e-05, 0.00014660209126304835, 0.0032055519986897707, 0.0003166158276144415, 0.0009163509821519256, 0.995349109172821, 2.7484182282933034e-05]"
1492,2,4,"[0.1081845760345459, 0.04385162517428398, 0.2678396999835968, 0.013660326600074768, 0.451934278011322, 0.11415022611618042, 0.00037933894782327116]"
1493,5,5,"[7.07228755345568e-05, 0.00015957951836753637, 0.008088539354503155, 0.0006308501469902694, 0.0010076795006170869, 0.9900282025337219, 1.4471680515271146e-05]"
1494,5,5,"[0.00046739084064029157, 0.0016013610875234008, 0.25739672780036926, 0.0008800915675237775, 0.022446507588028908, 0.7171548008918762, 5.31275654793717e-05]"
1495,1,1,"[0.29141706228256226, 0.4825226962566376, 0.09723930060863495, 0.09858241677284241, 0.006820233538746834, 0.020483436062932014, 0.0029348989482969046]"
1496,5,5,"[4.2990181100321934e-05, 0.00024134505656547844, 0.004218741785734892, 0.00032982107950374484, 0.001095136278308928, 0.9939908385276794, 8.108709153020754e-05]"
1497,4,5,"[0.02330821193754673, 0.011196819134056568, 0.0894562304019928, 0.0038799913600087166, 0.31460392475128174, 0.5573845505714417, 0.00017018041398841888]"
1498,0,1,"[0.1796770989894867, 0.5552482008934021, 0.10184559226036072, 0.08895497769117355, 0.02727416343986988, 0.03397998958826065, 0.01301993615925312]"
1499,5,5,"[0.000241001122049056, 0.0015599835896864533, 0.00250385794788599, 0.002124835504218936, 0.0007015141891315579, 0.9922600388526917, 0.0006088307127356529]"
1500,5,5,"[0.001046912744641304, 0.005035449750721455, 0.32960548996925354, 0.0006661810912191868, 0.045307423919439316, 0.6175719499588013, 0.0007665306911803782]"
1501,5,1,"[0.16071535646915436, 0.29844212532043457, 0.11394529044628143, 0.0747961699962616, 0.0787942111492157, 0.2724151611328125, 0.0008917293744161725]"
1502,5,5,"[0.00017119267431553453, 0.00011792995792347938, 0.03522152453660965, 0.0002867843140847981, 0.24068903923034668, 0.7214671969413757, 0.00204642117023468]"
1503,5,5,"[0.0005410664598457515, 0.0021180659532546997, 0.006232274230569601, 0.0009352892520837486, 0.0010677132522687316, 0.9890581965446472, 4.740884469356388e-05]"
1504,5,5,"[5.895968570257537e-05, 0.000154687455506064, 0.005872441455721855, 0.0005225648637861013, 0.000973604794126004, 0.9924055933952332, 1.2056559171469416e-05]"
1505,5,5,"[3.780921542784199e-05, 0.00014521465345751494, 0.004095674958080053, 0.00043231435120105743, 0.0009097745642066002, 0.994362473487854, 1.679286469880026e-05]"
1506,5,5,"[0.008453652262687683, 0.008293191902339458, 0.03118176758289337, 0.003043361008167267, 0.2428128719329834, 0.705852746963501, 0.00036252065910957754]"
1507,1,4,"[0.015771590173244476, 0.018110191449522972, 0.21630817651748657, 0.00671684043481946, 0.5098415017127991, 0.22852565348148346, 0.004726001992821693]"
1508,5,5,"[0.0014904761919751763, 0.0010307159973308444, 0.06046293303370476, 0.0008053831988945603, 0.0329621247947216, 0.9032427668571472, 5.6108242461050395e-06]"
1509,5,5,"[0.005096901673823595, 0.1405746191740036, 0.02753172442317009, 0.01895984448492527, 0.03867372125387192, 0.5668965578079224, 0.2022666037082672]"
1510,5,5,"[0.0006028763600625098, 0.0012571003753691912, 0.2563883364200592, 0.00043266103602945805, 0.08066481351852417, 0.660439133644104, 0.00021512297098524868]"
1511,5,5,"[3.4530963603174314e-05, 0.00013423922064248472, 0.00226670247502625, 0.0003926855279132724, 0.000874752236995846, 0.9962484240531921, 4.8744135710876435e-05]"
1512,5,5,"[7.866782107157633e-05, 0.00042058946564793587, 0.0016518570482730865, 0.0008071641204878688, 0.0006673547904938459, 0.9962704181671143, 0.00010400246537756175]"
1513,5,5,"[0.0001799795136321336, 0.0007455586455762386, 0.004512799438089132, 0.0011908173328265548, 0.0008084921282716095, 0.9924277663230896, 0.00013446228695102036]"
1514,5,5,"[4.6112752897897735e-05, 0.00014638413267675787, 0.004611445125192404, 0.0005408772849477828, 0.0009014338138513267, 0.9937357306480408, 1.7997666873270646e-05]"
1515,5,5,"[6.282150570768863e-05, 9.042286546900868e-05, 0.013670984655618668, 0.00018610700499266386, 0.0037966968957334757, 0.9821836948394775, 9.356330338050611e-06]"
1516,4,1,"[0.03201783448457718, 0.3966704308986664, 0.03850487619638443, 0.09133133292198181, 0.04089595004916191, 0.3550758957862854, 0.0455036498606205]"
1517,5,5,"[2.1680525605916046e-05, 0.0001666895259404555, 0.001764620072208345, 0.0002837502397596836, 0.0010271643986925483, 0.9966615438461304, 7.454746082657948e-05]"
1518,5,5,"[0.00021401977573987097, 0.0020835890900343657, 0.0022344067692756653, 0.0014058547094464302, 0.0008517667301930487, 0.9930914640426636, 0.00011889170855283737]"
1519,5,5,"[0.010908177122473717, 0.04326983913779259, 0.03782346099615097, 0.006539799273014069, 0.06929396092891693, 0.8315370082855225, 0.0006277246284298599]"
1520,2,5,"[0.0014628274366259575, 0.002013854216784239, 0.41331371665000916, 0.0014402210945263505, 0.06439249217510223, 0.5173177123069763, 5.915823930990882e-05]"
1521,5,5,"[0.00014869635924696922, 0.0012423720909282565, 0.0034971607383340597, 0.003076312830671668, 0.0008404423133470118, 0.9901518225669861, 0.0010431556729599833]"
1522,5,5,"[0.0001883298682514578, 0.0005996176623739302, 0.004344836343079805, 0.0020420069340616465, 0.0006363720749504864, 0.9921382069587708, 5.058567694504745e-05]"
1523,4,5,"[0.0012938033323734999, 0.0025693902280181646, 0.2259945273399353, 0.0005177822895348072, 0.11552038788795471, 0.653976559638977, 0.0001274802052648738]"
1524,5,5,"[0.0038638804107904434, 0.011452621780335903, 0.3125106394290924, 0.0027128481306135654, 0.16978155076503754, 0.49794143438339233, 0.0017371627036482096]"
1525,5,5,"[0.00015998465823940933, 0.0020688839722424746, 0.0031375749967992306, 0.0018415579106658697, 0.0015324035193771124, 0.9876760244369507, 0.0035835443995893]"
1526,5,5,"[1.673657061473932e-05, 7.699924026383087e-05, 0.0035290296655148268, 0.00013325251347851008, 0.0032015303149819374, 0.9929514527320862, 9.089008381124586e-05]"
1527,2,5,"[0.008019418455660343, 0.007785039022564888, 0.03511849790811539, 0.0016826816136017442, 0.4690750539302826, 0.4759990870952606, 0.0023202523589134216]"
1528,5,5,"[4.9084366764873266e-05, 9.539357415633276e-05, 0.01330071035772562, 0.0005626431084237993, 0.00175305618904531, 0.984226405620575, 1.2762069673044607e-05]"
1529,5,1,"[0.06756430119276047, 0.548579752445221, 0.027469314634799957, 0.05470890924334526, 0.019092580303549767, 0.2729009985923767, 0.009684143587946892]"
1530,5,5,"[5.5598658946109936e-05, 0.00022038360475562513, 0.003016348462551832, 0.0002928900648839772, 0.0011023879051208496, 0.9952347874641418, 7.749372161924839e-05]"
1531,4,0,"[0.3021978735923767, 0.19473247230052948, 0.23369571566581726, 0.07503227144479752, 0.13833585381507874, 0.05530513450503349, 0.0007006687810644507]"
1532,6,6,"[0.00035207104519940913, 0.007273768540471792, 0.0008459675591439009, 0.000939446734264493, 0.0009731261525303125, 0.0018585656071081758, 0.9877572059631348]"
1533,5,5,"[0.001849711057730019, 0.007238886784762144, 0.004220042377710342, 0.006150598172098398, 0.0014069639146327972, 0.9790497422218323, 8.396438352065161e-05]"
1534,5,5,"[2.1928908608970232e-05, 0.00014276728325057775, 0.004012784454971552, 0.00033135563717223704, 0.0009802980348467827, 0.9944111704826355, 9.971327381208539e-05]"
1535,2,5,"[0.008342886343598366, 0.004468982573598623, 0.1328129917383194, 0.003838274860754609, 0.06200870871543884, 0.788512110710144, 1.6076020983746275e-05]"
1536,5,5,"[3.105885843979195e-05, 0.00014644670591223985, 0.005688678007572889, 0.00048100342974066734, 0.0008589868666604161, 0.9927487969398499, 4.5214943384053186e-05]"
1537,4,4,"[0.0020521602127701044, 0.0011122019495815039, 0.07516895234584808, 0.0010188231244683266, 0.5628523230552673, 0.35749220848083496, 0.00030324983526952565]"
1538,5,5,"[3.368095713085495e-05, 0.00011753319995477796, 0.010728354565799236, 0.0009921826422214508, 0.0015606730012223125, 0.9865080118179321, 5.9644098655553535e-05]"
1539,6,2,"[0.038934171199798584, 0.09989576786756516, 0.45411714911460876, 0.017870524898171425, 0.28829094767570496, 0.058902569115161896, 0.04198884591460228]"
1540,5,5,"[0.0002193678665207699, 0.0002668389643076807, 0.020289992913603783, 0.0006315388018265367, 0.003431247314438224, 0.9751562476158142, 4.733544301416259e-06]"
1541,5,5,"[0.006811796221882105, 0.003229203401133418, 0.053826913237571716, 0.009358551353216171, 0.0029226639308035374, 0.923837423324585, 1.3536930055124685e-05]"
1542,5,5,"[0.00045764268725179136, 0.0006218475755304098, 0.03724562004208565, 0.00026742240879684687, 0.17460478842258453, 0.7866278290748596, 0.00017487235891167074]"
1543,5,5,"[0.06668953597545624, 0.28985604643821716, 0.02577870339155197, 0.028582433238625526, 0.016998212784528732, 0.5706878304481506, 0.0014072556514292955]"
1544,4,5,"[0.0045724776573479176, 0.004686655476689339, 0.09661830961704254, 0.0033092687372118235, 0.19812393188476562, 0.6924720406532288, 0.00021739046496804804]"
1545,5,2,"[0.013236715458333492, 0.02039056085050106, 0.7111387848854065, 0.006128288805484772, 0.04445900022983551, 0.2044714093208313, 0.00017526715237181634]"
1546,5,4,"[0.0041192807257175446, 0.002814532956108451, 0.28559452295303345, 0.0014460933161899447, 0.48301541805267334, 0.22075650095939636, 0.0022536886390298605]"
1547,4,2,"[0.009400605224072933, 0.0054889824241399765, 0.7021312713623047, 0.004281098488718271, 0.12386370450258255, 0.1547866016626358, 4.777609137818217e-05]"
1548,5,5,"[0.09440863877534866, 0.09486641734838486, 0.06740504503250122, 0.010530700907111168, 0.03101719543337822, 0.7013387084007263, 0.0004333133401814848]"
1549,5,5,"[0.00021744935656897724, 0.0008286377997137606, 0.03173207491636276, 0.00043121250928379595, 0.24900628626346588, 0.7038801908493042, 0.013904200866818428]"
1550,5,5,"[2.9639781132573262e-05, 0.00014567148173227906, 0.0017196729313582182, 0.0003029541112482548, 0.0009092416148632765, 0.996832549571991, 6.034009129507467e-05]"
1551,5,5,"[0.0035363619681447744, 0.002039495622739196, 0.0821382999420166, 0.001290818559937179, 0.3883373737335205, 0.5224356651306152, 0.0002219801681349054]"
1552,1,1,"[0.26761147379875183, 0.40580108761787415, 0.0712907463312149, 0.10566865652799606, 0.05553430691361427, 0.09314395487308502, 0.0009497688151896]"
1553,5,5,"[0.0024903067387640476, 0.008208111859858036, 0.003742117201909423, 0.016392070800065994, 0.0011953325010836124, 0.9673804044723511, 0.0005918046808801591]"
1554,5,1,"[0.03246717527508736, 0.45923295617103577, 0.020668702200055122, 0.069756418466568, 0.011543568223714828, 0.3959195613861084, 0.010411647148430347]"
1555,5,5,"[1.6886646335478872e-05, 0.0001507431734353304, 0.0011886307038366795, 0.0002978144329972565, 0.0012060501612722874, 0.9968744516372681, 0.0002654541749507189]"
1556,5,5,"[0.0008590096258558333, 0.004838216584175825, 0.01717214100062847, 0.0008075791993178427, 0.20748184621334076, 0.7246329188346863, 0.04420826584100723]"
1557,5,5,"[9.341219265479594e-05, 0.00018319208174943924, 0.008666840381920338, 0.0007393054547719657, 0.001049559097737074, 0.989254355430603, 1.3349315850064158e-05]"
1558,2,2,"[0.006857955828309059, 0.004116202238947153, 0.7360937595367432, 0.001806342974305153, 0.06626885384321213, 0.18479256331920624, 6.428275810321793e-05]"
1559,5,5,"[0.0025829444639384747, 0.0010830879909917712, 0.05818910524249077, 0.0010577156208455563, 0.04175574332475662, 0.8953253030776978, 6.118728833826026e-06]"
1560,0,5,"[0.11316385865211487, 0.038778629153966904, 0.14997567236423492, 0.025015341117978096, 0.18139922618865967, 0.4915671944618225, 0.00010008249955717474]"
1561,1,5,"[0.20294180512428284, 0.1472352296113968, 0.18243351578712463, 0.05454791337251663, 0.17816753685474396, 0.23449300229549408, 0.00018111661483999342]"
1562,5,5,"[0.0001644333970034495, 0.00029157596873119473, 0.027290355414152145, 0.0016977180493995547, 0.001469884649850428, 0.9690725803375244, 1.3508383744920138e-05]"
1563,4,4,"[0.23337334394454956, 0.22266237437725067, 0.10984456539154053, 0.03498569875955582, 0.28317856788635254, 0.10819987207651138, 0.007755632512271404]"
1564,5,5,"[0.00010114238102687523, 0.0002420187956886366, 0.0033242395147681236, 0.0005823732353746891, 0.0009099403396248817, 0.9948254823684692, 1.4726497283845674e-05]"
1565,5,5,"[0.0006944746128283441, 0.0007647614693269134, 0.07282537966966629, 0.0003514346608426422, 0.21266528964042664, 0.7121094465255737, 0.0005891892360523343]"
1566,5,5,"[0.0007282731821760535, 0.0015039126155897975, 0.04215362295508385, 0.012127322144806385, 0.0020769417751580477, 0.941345751285553, 6.415936513803899e-05]"
1567,5,5,"[5.9848796809092164e-05, 0.0001881076314020902, 0.0036981666926294565, 0.0004638077807612717, 0.0008173201931640506, 0.9947484135627747, 2.4432865757262334e-05]"
1568,5,5,"[0.0002185690973419696, 0.0005439263768494129, 0.0038650978822261095, 0.001352360937744379, 0.0008089016191661358, 0.9931933283805847, 1.78999707713956e-05]"
1569,5,5,"[3.207298505003564e-05, 0.00012660733773373067, 0.0014725986402481794, 0.000257387146120891, 0.001193432486616075, 0.9968298077583313, 8.819394133752212e-05]"
1570,5,5,"[7.130769517971203e-05, 0.00020839790522586554, 0.004385939799249172, 0.0006603188230656087, 0.0008240457973442972, 0.9938293099403381, 2.061266786768101e-05]"
1571,5,5,"[3.1897590815788135e-05, 0.00023777371097821742, 0.0020166346803307533, 0.00030529353534802794, 0.0009522474720142782, 0.9962357878684998, 0.000220319110667333]"
1572,5,5,"[6.071968164178543e-05, 0.00016575056361034513, 0.008510191924870014, 0.0006504707271233201, 0.000993680558167398, 0.9896089434623718, 1.0246309102512896e-05]"
1573,5,5,"[0.002681027166545391, 0.0022900209296494722, 0.025889821350574493, 0.001340338378213346, 0.39610886573791504, 0.5712574124336243, 0.0004324821347836405]"
1574,4,4,"[0.0011649058433249593, 0.0027946531772613525, 0.029885001480579376, 0.0008816876215860248, 0.6246353387832642, 0.2641381621360779, 0.07650021463632584]"
1575,5,5,"[0.00013345298066269606, 0.0008966366294771433, 0.09258562326431274, 0.0003505230706650764, 0.12452097237110138, 0.7718747854232788, 0.009638043120503426]"
1576,5,5,"[2.5105437089223415e-05, 6.78456635796465e-05, 0.004047156777232885, 0.0001377644803142175, 0.0020558254327625036, 0.9936403632164001, 2.5866032956400886e-05]"
1577,5,5,"[0.00010024882067227736, 0.00039928301703184843, 0.0023978273384273052, 0.0008358973427675664, 0.0006874667597003281, 0.9955323934555054, 4.69891274406109e-05]"
1578,2,5,"[0.002923610620200634, 0.0013057052856311202, 0.3034386932849884, 0.0033616647124290466, 0.018818385899066925, 0.6701491475105286, 2.83922850030649e-06]"
1579,4,4,"[0.004880574997514486, 0.0022643101401627064, 0.2631135880947113, 0.0012320387177169323, 0.44923219084739685, 0.279121458530426, 0.0001558999647386372]"
1580,5,5,"[5.384879113989882e-05, 0.00034218892687931657, 0.0032933703623712063, 0.0009048791253007948, 0.0006443587481044233, 0.9946972131729126, 6.406788452295586e-05]"
1581,2,2,"[0.10064540058374405, 0.0327095091342926, 0.7468379735946655, 0.036491911858320236, 0.049803752452135086, 0.03335173800587654, 0.000159763905685395]"
1582,5,5,"[0.00138622906524688, 0.000653950497508049, 0.1762397438287735, 0.001819959026761353, 0.018749400973320007, 0.8011456727981567, 5.129368219058961e-06]"
1583,5,5,"[8.375538163818419e-05, 0.0008714640862308443, 0.043271612375974655, 0.00020979293913114816, 0.04136210307478905, 0.9128677248954773, 0.0013335885014384985]"
1584,4,5,"[0.007910622283816338, 0.02622586488723755, 0.2959500849246979, 0.0025077559985220432, 0.10474003851413727, 0.5622818470001221, 0.0003838173288386315]"
1585,4,5,"[0.0005837074131704867, 0.0052643283270299435, 0.016581840813159943, 0.0006356829544529319, 0.11048822104930878, 0.8511235117912292, 0.015322662889957428]"
1586,5,6,"[0.00047672842629253864, 0.0014036509674042463, 0.0035081084351986647, 0.0007456443854607642, 0.022838162258267403, 0.053456466645002365, 0.9175712466239929]"
1587,4,5,"[0.0003536394506227225, 0.00024250237038359046, 0.11771751940250397, 0.0003614672168623656, 0.2650699317455292, 0.6160001754760742, 0.0002548109623603523]"
1588,2,2,"[0.01859266869723797, 0.003402119502425194, 0.509236752986908, 0.0031671526376158, 0.27313467860221863, 0.1923820823431015, 8.459201490040869e-05]"
1589,4,4,"[0.0009584700455889106, 0.0008024474955163896, 0.02535696141421795, 0.0006555118598043919, 0.7778159379959106, 0.16841763257980347, 0.025993069633841515]"
1590,5,0,"[0.37623313069343567, 0.22024233639240265, 0.1984550952911377, 0.025084886699914932, 0.04791078716516495, 0.1318422257900238, 0.0002314907032996416]"
1591,5,5,"[0.0034223534166812897, 0.007402459625154734, 0.01851784624159336, 0.0020797550678253174, 0.01662631146609783, 0.9513658285140991, 0.0005854038172401488]"
1592,5,5,"[3.115386061836034e-05, 7.874485163483769e-05, 0.004194898530840874, 0.000159517876454629, 0.001998456194996834, 0.9935239553451538, 1.3220038454164751e-05]"
1593,4,5,"[0.0003853204834740609, 0.0009311182075180113, 0.09012258797883987, 0.00043264898704364896, 0.31362292170524597, 0.43759268522262573, 0.1569126546382904]"
1594,5,5,"[4.601677574100904e-05, 0.00013126086560077965, 0.006290347781032324, 0.0004138663352932781, 0.0011117857648059726, 0.9919984936714172, 8.194561814889312e-06]"
1595,5,2,"[0.2883017361164093, 0.09193167835474014, 0.4489450454711914, 0.0942736342549324, 0.03414437547326088, 0.042167723178863525, 0.00023578869877383113]"
1596,5,5,"[0.0011614836985245347, 0.016314338892698288, 0.07397576421499252, 0.0011862292885780334, 0.11257139593362808, 0.7552814483642578, 0.03950933739542961]"
1597,4,5,"[0.0003490572271402925, 0.0008643995388410985, 0.09485594928264618, 0.0003239882062189281, 0.20540471374988556, 0.6974669694900513, 0.0007349753868766129]"
1598,1,1,"[0.1626387983560562, 0.6101292371749878, 0.04844081401824951, 0.06743858754634857, 0.025571519508957863, 0.08256274461746216, 0.0032182505819946527]"
1599,2,5,"[0.005189513321965933, 0.003248975146561861, 0.24434921145439148, 0.0026565303560346365, 0.3414319157600403, 0.4030652344226837, 5.856827920069918e-05]"
1600,5,2,"[0.008853958919644356, 0.045870911329984665, 0.3867217004299164, 0.014212117530405521, 0.1100955680012703, 0.38629648089408875, 0.04794931784272194]"
1601,5,5,"[6.648637645412236e-05, 0.0001362217590212822, 0.004026684444397688, 0.00026985828299075365, 0.0013536600163206458, 0.9941383600234985, 8.809285645838827e-06]"
1602,5,5,"[0.0004240458947606385, 0.0016147354617714882, 0.03064834512770176, 0.00037318101385608315, 0.3648481070995331, 0.589368999004364, 0.012722544372081757]"
1603,5,5,"[1.7229915101779625e-05, 0.00011321329657221213, 0.004657518118619919, 0.00019142415840178728, 0.0026742685586214066, 0.9922009706497192, 0.00014539400581270456]"
1604,5,5,"[8.544551383238286e-05, 0.0007727649062871933, 0.027190616354346275, 0.0002682217746041715, 0.06774233281612396, 0.8956433534622192, 0.008297272957861423]"
1605,5,5,"[1.8842658391804434e-05, 9.092663822229952e-05, 0.003576835384592414, 0.00038343772757798433, 0.00121556397061795, 0.9946733117103577, 4.099725993000902e-05]"
1606,5,5,"[0.0004519665380939841, 0.0006564125651493669, 0.016851991415023804, 0.00033861189149320126, 0.1565210223197937, 0.8249012231826782, 0.0002787833218462765]"
1607,1,2,"[0.015263141132891178, 0.03196835517883301, 0.5346444845199585, 0.0033129542134702206, 0.04848569631576538, 0.36604252457618713, 0.000282879889709875]"
1608,5,5,"[3.5115193895762786e-05, 0.00023388116096612066, 0.002602661494165659, 0.0004257393884472549, 0.0008497654926031828, 0.9957701563835144, 8.268617966677994e-05]"
1609,2,5,"[0.0004120965313632041, 0.002006715629249811, 0.05317264422774315, 0.0003550674009602517, 0.17915430665016174, 0.7605273723602295, 0.00437184376642108]"
1610,2,2,"[0.14986726641654968, 0.16807684302330017, 0.34185850620269775, 0.04953029379248619, 0.175572007894516, 0.11247066408395767, 0.002624430228024721]"
1611,5,5,"[0.004222971387207508, 0.00289294240064919, 0.2224467247724533, 0.0009676553891040385, 0.3745531141757965, 0.3948031961917877, 0.00011339993943693116]"
1612,5,5,"[0.0002547831099946052, 0.0010847117519006133, 0.01597227342426777, 0.0005173846147954464, 0.10225846618413925, 0.8701316714286804, 0.009780718944966793]"
1613,5,5,"[3.614545494201593e-05, 0.0001237269607372582, 0.01969539374113083, 0.0010599629022181034, 0.0045079817064106464, 0.9744226932525635, 0.00015411745698656887]"
1614,5,5,"[0.00022022366465535015, 0.0005941855488345027, 0.011439166963100433, 0.001038606045767665, 0.0011976024834439158, 0.985481858253479, 2.824282091751229e-05]"
1615,4,1,"[0.26986169815063477, 0.31389710307121277, 0.14090828597545624, 0.16556990146636963, 0.02952832728624344, 0.07843867689371109, 0.0017960198456421494]"
1616,5,2,"[0.04683150351047516, 0.10849140584468842, 0.5742190480232239, 0.02050275355577469, 0.10421055555343628, 0.14286114275455475, 0.0028835285920649767]"
1617,5,5,"[0.000899517850484699, 0.007425561081618071, 0.04794183745980263, 0.0011380767682567239, 0.03690306469798088, 0.9052006006240845, 0.0004912639269605279]"
1618,5,5,"[6.91334716975689e-05, 0.0002446055586915463, 0.0024050851352512836, 0.00044809409882873297, 0.0008193819085136056, 0.9959760308265686, 3.777173697017133e-05]"
1619,5,5,"[0.0006794591899961233, 0.0003070151142310351, 0.04176881164312363, 0.0014951908960938454, 0.004729687701910734, 0.9510178565979004, 1.8886964880948653e-06]"
1620,5,5,"[0.0005050026229582727, 0.0007501728250645101, 0.0509830005466938, 0.00026730564422905445, 0.25335273146629333, 0.6937849521636963, 0.00035683621536009014]"
1621,5,5,"[4.726136467070319e-05, 0.0002287552779307589, 0.006444443017244339, 0.0007933633169159293, 0.0008291678386740386, 0.9916016459465027, 5.5289136071223766e-05]"
1622,5,5,"[3.142503192066215e-05, 0.00011117514804936945, 0.003889168845489621, 0.00018889270722866058, 0.0012938336003571749, 0.9944619536399841, 2.3587472242070362e-05]"
1623,5,4,"[0.003839020384475589, 0.0019215698121115565, 0.206865593791008, 0.0006558250752277672, 0.43150466680526733, 0.35507893562316895, 0.00013434710854198784]"
1624,1,1,"[0.21235032379627228, 0.6640145182609558, 0.016489176079630852, 0.07323578000068665, 0.002610231749713421, 0.020066527649760246, 0.011233421973884106]"
1625,5,5,"[0.00044391219853423536, 0.00012421523570083082, 0.16759513318538666, 0.0005540234269574285, 0.13066276907920837, 0.700488805770874, 0.0001310466177528724]"
1626,4,4,"[0.0032518988009542227, 0.0012839565752074122, 0.03554774075746536, 0.0010211042826995254, 0.6977719664573669, 0.2603999972343445, 0.0007233970682136714]"
1627,5,5,"[3.500001912470907e-05, 0.00010667040623957291, 0.0032523146364837885, 0.00023307802621275187, 0.0011527399765327573, 0.9951959252357483, 2.4223236323450692e-05]"
1628,5,5,"[0.0001971175370272249, 0.0010537211783230305, 0.013987508602440357, 0.00024698651395738125, 0.11197080463171005, 0.8664811253547668, 0.006062809843569994]"
1629,2,5,"[0.004679564386606216, 0.0016952826408669353, 0.4425739049911499, 0.006019315682351589, 0.017203688621520996, 0.5278229713439941, 5.269836947263684e-06]"
1630,0,0,"[0.5596572160720825, 0.09796632081270218, 0.20662343502044678, 0.0904914066195488, 0.02509840950369835, 0.01993732899427414, 0.00022581926896236837]"
1631,5,5,"[0.00011560900748008862, 0.00043658525100909173, 0.0023103617131710052, 0.001062018214724958, 0.0006761241820640862, 0.9953592419624329, 4.0184320823755115e-05]"
1632,5,5,"[7.64808792155236e-05, 0.00031731565832160413, 0.0029623904265463352, 0.0005619715666398406, 0.0007623099954798818, 0.9952762126922607, 4.3255444325041026e-05]"
1633,5,5,"[0.00122257589828223, 0.0013413995038717985, 0.02147051878273487, 0.008148854598402977, 0.0014358325861394405, 0.9663485288619995, 3.2255775295197964e-05]"
1634,5,5,"[6.724562990712002e-05, 0.00017769962141755968, 0.007072496227920055, 0.0006665874971076846, 0.0009091966785490513, 0.9910935759544373, 1.3230303920863662e-05]"
1635,5,5,"[0.005830361042171717, 0.059966813772916794, 0.14117130637168884, 0.001908232574351132, 0.11021114140748978, 0.6451061964035034, 0.03580586984753609]"
1636,6,5,"[0.00949531514197588, 0.28999951481819153, 0.07710342854261398, 0.05212538689374924, 0.027385439723730087, 0.3356545865535736, 0.208236426115036]"
1637,4,5,"[0.0009042360470630229, 0.0013755977852270007, 0.156877338886261, 0.0004010771226603538, 0.342410147190094, 0.4970709979534149, 0.000960564415436238]"
1638,1,1,"[0.2759573459625244, 0.5616309642791748, 0.04353029653429985, 0.06869131326675415, 0.011177212931215763, 0.03712376207113266, 0.0018890970386564732]"
1639,5,5,"[1.5068610991875175e-05, 0.00018020470452029258, 0.003609883598983288, 0.000535524042788893, 0.0016076198080554605, 0.9933417439460754, 0.0007099989452399313]"
1640,5,5,"[2.399274853814859e-05, 0.0001371104590361938, 0.0022563557140529156, 0.00012279760267119855, 0.001943686162121594, 0.9954530000686646, 6.307120202109218e-05]"
1641,2,2,"[0.01311410591006279, 0.014557668939232826, 0.44326484203338623, 0.006249674130231142, 0.17152145504951477, 0.35109153389930725, 0.00020072510233148932]"
1642,5,5,"[0.0004210687184240669, 0.001600830932147801, 0.00870086532086134, 0.0004394648422021419, 0.09166789799928665, 0.8909783959388733, 0.006191369611769915]"
1643,5,5,"[2.525813579268288e-05, 7.698320405324921e-05, 0.0035171913914382458, 0.00023551670892629772, 0.001388599630445242, 0.9947415590286255, 1.4875123270030599e-05]"
1644,5,5,"[6.25316024525091e-05, 0.00011288315727142617, 0.008355063386261463, 0.0002954225055873394, 0.0016910438425838947, 0.9894736409187317, 9.432284969079774e-06]"
1645,0,1,"[0.2919870913028717, 0.4793253540992737, 0.09164080023765564, 0.04178015515208244, 0.020234135910868645, 0.07106327265501022, 0.003969070967286825]"
1646,5,5,"[3.146818926325068e-05, 0.00012330884055700153, 0.007080659735947847, 0.0007727848133072257, 0.001160228974185884, 0.9907917976379395, 3.971408659708686e-05]"
1647,5,5,"[3.674434992717579e-05, 0.00021686892432626337, 0.001988189062103629, 0.00021801836555823684, 0.0021459769923239946, 0.9953120946884155, 8.212675311369821e-05]"
1648,4,5,"[0.007397409528493881, 0.006344291381537914, 0.10753075778484344, 0.002686276799067855, 0.38611695170402527, 0.4895576238632202, 0.0003666978736873716]"
1649,5,5,"[7.915923197288066e-05, 0.0005571752553805709, 0.0014893432380631566, 0.0007104764226824045, 0.0016288296319544315, 0.9935821890830994, 0.0019528536358848214]"
1650,5,5,"[0.0004371581017039716, 0.000979150296188891, 0.07277443259954453, 0.0003405022725928575, 0.30238187313079834, 0.6216802597045898, 0.001406581373885274]"
1651,4,5,"[0.0004852990969084203, 0.001250512432307005, 0.02212248370051384, 0.0004420536570250988, 0.2541190981864929, 0.7156661152839661, 0.005914451088756323]"
1652,5,5,"[0.0024101564195007086, 0.006937611382454634, 0.07899829000234604, 0.0011598612181842327, 0.3770368695259094, 0.5303391814231873, 0.003118047956377268]"
1653,5,2,"[0.005406280513852835, 0.005413831677287817, 0.5765003561973572, 0.006329256109893322, 0.06424803286790848, 0.34206870198249817, 3.3605483622523025e-05]"
1654,5,5,"[8.770338172325864e-05, 0.00021960090089123696, 0.004434002563357353, 0.0005572055233642459, 0.0009059510193765163, 0.9937849044799805, 1.0622340596455615e-05]"
1655,5,4,"[0.0010768325300887227, 0.0003412144142203033, 0.07013960182666779, 0.00042343014501966536, 0.4912468492984772, 0.43656083941459656, 0.00021128654771018773]"
1656,5,5,"[0.015309819020330906, 0.003063719719648361, 0.437433123588562, 0.014478753320872784, 0.01849054917693138, 0.5112176537513733, 6.359696726576658e-06]"
1657,5,5,"[4.222899951855652e-05, 0.00021651919814758003, 0.0022989101707935333, 0.00047981899115256965, 0.0007613804191350937, 0.9961503744125366, 5.083642463432625e-05]"
1658,5,5,"[2.714078436838463e-05, 0.00019396170682739466, 0.0024054415989667177, 0.00030391119071282446, 0.0008825641125440598, 0.9961316585540771, 5.537511606235057e-05]"
1659,5,5,"[0.0005893564666621387, 0.0013537319609895349, 0.0558394230902195, 0.00032453719177283347, 0.37521007657051086, 0.5640351176261902, 0.0026477372739464045]"
1660,5,5,"[7.797136640874669e-05, 0.00024947861675173044, 0.0038081801030784845, 0.000622398336417973, 0.0008229525410570204, 0.9943886399269104, 3.0307650376926176e-05]"
1661,5,5,"[0.017514558508992195, 0.07537344098091125, 0.16986791789531708, 0.005008653271943331, 0.26767241954803467, 0.4536759555339813, 0.010887101292610168]"
1662,4,2,"[0.05215763673186302, 0.020355580374598503, 0.6075563430786133, 0.018075192347168922, 0.11305030435323715, 0.18874835968017578, 5.665640128427185e-05]"
1663,4,1,"[0.19966554641723633, 0.37227046489715576, 0.08301157504320145, 0.09973184019327164, 0.0910721868276596, 0.15070031583309174, 0.0035480938386172056]"
1664,5,5,"[4.822833579964936e-05, 0.0002682651102077216, 0.002296494785696268, 0.0007228102185763419, 0.0007024315418675542, 0.9958808422088623, 8.089430048130453e-05]"
1665,5,5,"[0.00045611022505909204, 0.0004887626273557544, 0.029698779806494713, 0.00035936300992034376, 0.39396700263023376, 0.5732192993164062, 0.0018106367206200957]"
1666,2,2,"[0.13254421949386597, 0.07467180490493774, 0.6863484978675842, 0.030724212527275085, 0.03361779823899269, 0.04194467514753342, 0.00014879018999636173]"
1667,5,1,"[0.19060729444026947, 0.5418564081192017, 0.09101182967424393, 0.10744164884090424, 0.007529512979090214, 0.0589580312371254, 0.002595288446173072]"
1668,5,5,"[0.00742118526250124, 0.01913314312696457, 0.11991454660892487, 0.0028450682293623686, 0.04652421548962593, 0.8040569424629211, 0.000104898790596053]"
1669,2,5,"[5.328975385054946e-05, 8.926175360102206e-05, 0.009304460138082504, 0.00043009480577893555, 0.0016304680611938238, 0.9884844422340393, 7.897326213424094e-06]"
1670,5,5,"[1.5175562111835461e-05, 0.00018057804845739156, 0.0031358879059553146, 0.00047603389248251915, 0.0013235470978543162, 0.9946812987327576, 0.00018737914797384292]"
1671,4,5,"[0.012432917952537537, 0.01044635009020567, 0.06894323974847794, 0.011914942413568497, 0.2597234547138214, 0.6361904740333557, 0.00034859045990742743]"
1672,5,5,"[0.005565532948821783, 0.005091565195471048, 0.04321717470884323, 0.002226582495495677, 0.2604789435863495, 0.6832032799720764, 0.00021691019355785102]"
1673,5,5,"[0.0012894857209175825, 0.0022286518942564726, 0.013682009652256966, 0.008223218843340874, 0.0010410287650302052, 0.9735132455825806, 2.2405794879887253e-05]"
1674,5,5,"[5.881753168068826e-05, 0.00029650560463778675, 0.003450429765507579, 0.0008593198144808412, 0.0006696210475638509, 0.9946235418319702, 4.1837585740722716e-05]"
1675,4,4,"[0.0026307152584195137, 0.0009791087359189987, 0.07250886410474777, 0.0006580207264050841, 0.7347640991210938, 0.18778681755065918, 0.0006723962142132223]"
1676,5,5,"[4.541541056823917e-05, 0.00027049495838582516, 0.0039969030767679214, 0.0003682314418256283, 0.0008975104428827763, 0.9943108558654785, 0.00011054510105168447]"
1677,5,5,"[0.0008628441719338298, 0.003240562044084072, 0.16094139218330383, 0.0009358790703117847, 0.07516305148601532, 0.7586280107498169, 0.00022817568969912827]"
1678,5,5,"[5.246836371952668e-05, 0.00030618291930295527, 0.001564774545840919, 0.0004487628466449678, 0.0008073849021457136, 0.9966390132904053, 0.00018141430336982012]"
1679,1,0,"[0.5247503519058228, 0.2059875875711441, 0.13878612220287323, 0.09779762476682663, 0.01942853070795536, 0.011428327299654484, 0.0018214131705462933]"
1680,5,5,"[0.0011020785896107554, 0.00148031918797642, 0.063047394156456, 0.003322683507576585, 0.005375257693231106, 0.925647497177124, 2.4749446311034262e-05]"
1681,5,5,"[3.574744187062606e-05, 0.00013105747348163277, 0.0025001498870551586, 0.00025870284298434854, 0.0011226092465221882, 0.9959341287612915, 1.7595280951354653e-05]"
1682,5,5,"[0.000454095279565081, 0.0012336128856986761, 0.0033330759033560753, 0.004099061246961355, 0.0007597035728394985, 0.9900175929069519, 0.00010286956967320293]"
1683,4,5,"[0.002063683234155178, 0.0012969152303412557, 0.3372892141342163, 0.0005950641352683306, 0.2671031653881073, 0.39137184619903564, 0.0002800810616463423]"
1684,5,5,"[8.811971929389983e-05, 0.000543072063010186, 0.003162369132041931, 0.0003233787720091641, 0.0009737883810885251, 0.9948061108589172, 0.0001032523432513699]"
1685,4,2,"[0.015771832317113876, 0.00875793769955635, 0.6174222826957703, 0.005564084276556969, 0.18994465470314026, 0.162450909614563, 8.834748587105423e-05]"
1686,5,5,"[0.004860961344093084, 0.00396949565038085, 0.3290911018848419, 0.0017452978063374758, 0.08306434750556946, 0.5772419571876526, 2.6851766961044632e-05]"
1687,2,2,"[0.004857515916228294, 0.0026451449375599623, 0.5110767483711243, 0.002405707025900483, 0.13759447634220123, 0.3414004445075989, 2.000643507926725e-05]"
1688,5,4,"[0.010358269326388836, 0.007493322249501944, 0.1923917829990387, 0.005907384213060141, 0.40188872814178467, 0.38183894753456116, 0.00012153023999417201]"
1689,5,5,"[2.6638581402949058e-05, 9.105855133384466e-05, 0.0031641158275306225, 0.00021856563398614526, 0.001165512832812965, 0.9953129291534424, 2.1238856788841076e-05]"
1690,5,5,"[0.0004151388711761683, 0.0003036700654774904, 0.11635562777519226, 0.0017045902786776423, 0.005093161482363939, 0.8761130571365356, 1.4721094885317143e-05]"
1691,5,5,"[0.00017262261826545, 0.0008605200564488769, 0.013549067080020905, 0.0003555053845047951, 0.057282205671072006, 0.9252009987831116, 0.002579146297648549]"
1692,5,5,"[6.454416870838031e-05, 0.0002774801687337458, 0.003077263478189707, 0.00045543565647676587, 0.0007747594499960542, 0.9953057169914246, 4.479379640542902e-05]"
1693,5,5,"[3.855077738990076e-05, 0.0001252980000572279, 0.0026871298905462027, 0.00034451577812433243, 0.0009404890588484704, 0.9958353042602539, 2.8750238925567828e-05]"
1694,5,5,"[2.5946941605070606e-05, 8.960077684605494e-05, 0.008687073364853859, 0.0004958504578098655, 0.001607297221198678, 0.9890766143798828, 1.7627242414164357e-05]"
1695,5,2,"[0.006239928305149078, 0.006890429183840752, 0.5962486863136292, 0.006417467258870602, 0.08176138997077942, 0.3023901581764221, 5.196740312385373e-05]"
1696,5,4,"[0.03988932445645332, 0.009511041454970837, 0.26308804750442505, 0.007169728633016348, 0.43585798144340515, 0.2444249540567398, 5.896291258977726e-05]"
1697,5,5,"[7.742970046820119e-05, 0.0007087147678248584, 0.0029245319310575724, 0.0007172306650318205, 0.0007835710421204567, 0.9946666955947876, 0.00012178219913039356]"
1698,1,1,"[0.022565683349967003, 0.6864302754402161, 0.03811873495578766, 0.030429599806666374, 0.007179807405918837, 0.16951920092105865, 0.04575660824775696]"
1699,4,5,"[0.01054605096578598, 0.0061344122514128685, 0.08609245717525482, 0.0016042006900534034, 0.4471953511238098, 0.44797787070274353, 0.0004495859902817756]"
1700,5,5,"[2.650535316206515e-05, 0.00014357519103214145, 0.00268207723274827, 0.00036036878009326756, 0.0008323101210407913, 0.9959201812744141, 3.499474041745998e-05]"
1701,5,5,"[0.00036613544216379523, 0.0006874214741401374, 0.09442418813705444, 0.0003269757144153118, 0.288256973028183, 0.6142893433570862, 0.0016489989357069135]"
1702,5,5,"[0.11800974607467651, 0.044364895671606064, 0.19979503750801086, 0.040460363030433655, 0.01345126237720251, 0.5838918089866638, 2.6804655135492794e-05]"
1703,5,5,"[3.243867831770331e-05, 0.0001514667528681457, 0.002690702909603715, 0.0004681491991505027, 0.0007873418508097529, 0.9957990050315857, 7.087347330525517e-05]"
1704,5,5,"[0.0013068014523014426, 0.010437948629260063, 0.058671291917562485, 0.001283462275750935, 0.03894611448049545, 0.8888962268829346, 0.00045816166675649583]"
1705,5,5,"[0.0012369411997497082, 0.021337779238820076, 0.03159528598189354, 0.0022441719193011522, 0.16212791204452515, 0.43562614917755127, 0.3458317518234253]"
1706,5,5,"[0.003169543808326125, 0.007638694252818823, 0.005151278339326382, 0.01907319575548172, 0.0011773452861234546, 0.9634360671043396, 0.00035378715256229043]"
1707,5,5,"[0.0036099988501518965, 0.0031457857694476843, 0.07536274939775467, 0.0021414742805063725, 0.02478756383061409, 0.8909477591514587, 4.589795480569592e-06]"
1708,5,5,"[4.164606434642337e-05, 0.00020762077474500984, 0.0021875964011996984, 0.000400755787268281, 0.0007605864084325731, 0.9963436722755432, 5.807576235383749e-05]"
1709,5,5,"[0.0037507505621761084, 0.001384924747981131, 0.1421823352575302, 0.0053045558743178844, 0.00896900799125433, 0.8384047150611877, 3.768647275137482e-06]"
1710,0,0,"[0.5371848940849304, 0.18366728723049164, 0.0982162281870842, 0.12275505810976028, 0.014423642307519913, 0.04345201328396797, 0.00030084882746450603]"
1711,2,5,"[5.579087883234024e-05, 0.00013288175978232175, 0.006873327307403088, 0.0004062224761582911, 0.0010695583187043667, 0.9914492964744568, 1.296748268941883e-05]"
1712,5,5,"[0.01092411857098341, 0.033063728362321854, 0.07067474722862244, 0.03836414963006973, 0.005714927334338427, 0.8402875065803528, 0.0009708498837426305]"
1713,0,1,"[0.3604981005191803, 0.4709656238555908, 0.05689508095383644, 0.08808623254299164, 0.0042434330098330975, 0.007963872514665127, 0.01134763564914465]"
1714,5,2,"[0.04431544616818428, 0.04359592869877815, 0.6997769474983215, 0.03083512932062149, 0.02963445894420147, 0.15176717936992645, 7.491960423067212e-05]"
1715,5,2,"[0.1652296483516693, 0.23452125489711761, 0.24884724617004395, 0.019312217831611633, 0.09792894124984741, 0.23359006643295288, 0.0005705664516426623]"
1716,4,4,"[0.0026070456951856613, 0.002959843724966049, 0.07686024159193039, 0.0011734127765521407, 0.5261337161064148, 0.3895998001098633, 0.0006659628706984222]"
1717,4,5,"[0.0012144934153184295, 0.0013314465759322047, 0.07598481327295303, 0.0007688850164413452, 0.4213760793209076, 0.4983498752117157, 0.0009743339032866061]"
1718,6,1,"[0.06449107080698013, 0.6040899753570557, 0.03313574567437172, 0.06553405523300171, 0.02507883682847023, 0.059621766209602356, 0.1480485498905182]"
1719,5,5,"[0.00042702071368694305, 0.003514580661430955, 0.15257535874843597, 0.0005519464612007141, 0.07079658657312393, 0.7704728841781616, 0.0016617258079349995]"
1720,5,5,"[0.00021091366943437606, 0.0009701861999928951, 0.031249739229679108, 0.00027631456032395363, 0.1130908876657486, 0.8523528575897217, 0.0018491226946935058]"
1721,5,5,"[0.0001323494070675224, 0.0002272227284265682, 0.017472289502620697, 0.0015531175304204226, 0.001302837859839201, 0.9792993664741516, 1.2800937838619575e-05]"
1722,5,5,"[6.723641126882285e-05, 0.00033272398286499083, 0.004498032387346029, 0.0005724041257053614, 0.0007456435123458505, 0.9937410950660706, 4.284858368919231e-05]"
1723,5,5,"[7.63510906836018e-05, 0.0003874126123264432, 0.002014425816014409, 0.0006434062379412353, 0.0007922009681351483, 0.99600750207901, 7.874183938838542e-05]"
1724,5,5,"[0.0005233352421782911, 0.001003452343866229, 0.12416774034500122, 0.0004156084032729268, 0.22894535958766937, 0.6444811820983887, 0.00046335114166140556]"
1725,1,6,"[0.030157217755913734, 0.26631245017051697, 0.05156710371375084, 0.02264244109392166, 0.00872117094695568, 0.029472559690475464, 0.5911270976066589]"
1726,0,0,"[0.346416711807251, 0.09894262254238129, 0.2643170952796936, 0.06290889531373978, 0.03503415733575821, 0.1923193633556366, 6.110865797381848e-05]"
1727,4,4,"[0.001689676195383072, 0.0009064711048267782, 0.26084446907043457, 0.0009631314314901829, 0.4076633155345917, 0.3276190161705017, 0.0003139424370601773]"
1728,5,5,"[0.002217327244579792, 0.0037984387017786503, 0.032685503363609314, 0.0016276504611596465, 0.024050412699580193, 0.9354804754257202, 0.00014025476411916316]"
1729,5,5,"[0.0002657381701283157, 0.0002856351202353835, 0.013097179122269154, 0.0011363372905179858, 0.0014612909872084856, 0.9837491512298584, 4.564744813251309e-06]"
1730,1,2,"[0.13876527547836304, 0.17682261765003204, 0.3642697334289551, 0.01470855250954628, 0.20197395980358124, 0.1010788232088089, 0.002380985300987959]"
1731,5,5,"[1.0249622391711455e-05, 4.727112900582142e-05, 0.003722322639077902, 0.00016734842211008072, 0.0032187176402658224, 0.9926931858062744, 0.00014093211211729795]"
1732,5,5,"[2.9503871701308526e-05, 0.00013678747927770019, 0.0036410244647413492, 0.000514463463332504, 0.0007950408034957945, 0.9948475360870361, 3.5736105928663164e-05]"
1733,5,5,"[6.256868073251098e-05, 0.00045986537588760257, 0.0024382155388593674, 0.0006490846280939877, 0.0007730936049483716, 0.9954453706741333, 0.00017177785048261285]"
1734,5,2,"[0.10308855026960373, 0.03708930313587189, 0.48760703206062317, 0.01848512515425682, 0.252699613571167, 0.10087339580059052, 0.00015691689623054117]"
1735,5,5,"[4.6157434553606436e-05, 0.0003095781139563769, 0.002192805288359523, 0.0006635998724959791, 0.0006747867446392775, 0.9959847927093506, 0.00012839777627959847]"
1736,1,1,"[0.022061580792069435, 0.5459197163581848, 0.012289345264434814, 0.05830272287130356, 0.009407277218997478, 0.09901111572980881, 0.25300824642181396]"
1737,5,5,"[5.109802805236541e-05, 0.00014434725744649768, 0.010148575529456139, 0.000737369351554662, 0.001328391139395535, 0.9875786900520325, 1.158869326900458e-05]"
1738,5,5,"[0.0014995019882917404, 0.003869913285598159, 0.05594958737492561, 0.0010140236699953675, 0.3312548100948334, 0.5875750184059143, 0.018837159499526024]"
1739,5,5,"[0.0030614237766712904, 0.003225427819415927, 0.17675158381462097, 0.0008082266431301832, 0.32140031456947327, 0.49460145831108093, 0.00015159316535573453]"
1740,4,5,"[0.03647454082965851, 0.021176915615797043, 0.15571510791778564, 0.002455048030242324, 0.3400477468967438, 0.4435366988182068, 0.0005940278642810881]"
1741,5,5,"[3.870970249408856e-05, 0.0002320080529898405, 0.003473918652161956, 0.0011859422083944082, 0.0007251622155308723, 0.9942750334739685, 6.922092870809138e-05]"
1742,5,5,"[0.00010241009294986725, 0.00021623802604153752, 0.007395047694444656, 0.001186822191812098, 0.0010356229031458497, 0.9900476932525635, 1.6091029465314932e-05]"
1743,6,4,"[0.003340130439028144, 0.008120633661746979, 0.0721713975071907, 0.0014866999117657542, 0.5736015439033508, 0.28727665543556213, 0.05400298908352852]"
1744,5,5,"[7.298493437701836e-05, 0.0006379110855050385, 0.004454589914530516, 0.0013780060689896345, 0.0006536024739034474, 0.9925543665885925, 0.0002485922886990011]"
1745,2,2,"[0.05710627883672714, 0.02017453871667385, 0.7570233941078186, 0.014321956783533096, 0.06376194208860397, 0.08754784613847733, 6.403089355444536e-05]"
1746,6,2,"[0.005979463458061218, 0.021286364644765854, 0.43681198358535767, 0.0019515625899657607, 0.1398850977420807, 0.3879272937774658, 0.006158262025564909]"
1747,4,2,"[0.005548335146158934, 0.007209054194390774, 0.46184828877449036, 0.002114955335855484, 0.23084476590156555, 0.2920053005218506, 0.00042928970651701093]"
1748,5,5,"[3.552027919795364e-05, 0.00010188699525315315, 0.0057396902702748775, 0.0002509257465135306, 0.0014608544297516346, 0.9923980832099915, 1.3053243492322508e-05]"
1749,5,1,"[0.1025254875421524, 0.6869410276412964, 0.03181493654847145, 0.05961969122290611, 0.011051570996642113, 0.10408267378807068, 0.003964627161622047]"
1750,5,5,"[4.6003460738575086e-05, 0.00020718788437079638, 0.0034484814386814833, 0.0003743424895219505, 0.0008840766386128962, 0.9949900507926941, 4.9796755774877965e-05]"
1751,5,5,"[3.8588808820350096e-05, 9.831544593907893e-05, 0.004969827830791473, 0.0003841837460640818, 0.0011022679973393679, 0.9933937191963196, 1.3122885320626665e-05]"
1752,5,5,"[1.9775658074649982e-05, 0.00014946633018553257, 0.0017208622302860022, 0.00015199059271253645, 0.00225812173448503, 0.995342493057251, 0.00035728560760617256]"
1753,4,2,"[0.0026724531780928373, 0.0014143931912258267, 0.677244246006012, 0.003178438637405634, 0.07976581901311874, 0.23568043112754822, 4.421587073011324e-05]"
1754,5,5,"[0.17474506795406342, 0.1634107232093811, 0.23651139438152313, 0.025792982429265976, 0.08696085959672928, 0.3123945891857147, 0.00018438714323565364]"
1755,0,0,"[0.37977948784828186, 0.22770486772060394, 0.12520931661128998, 0.12943364679813385, 0.07833065092563629, 0.05874675139784813, 0.0007952984306029975]"
1756,5,5,"[0.0009671933948993683, 0.0045810239389538765, 0.287244975566864, 0.0014768001856282353, 0.08579831570386887, 0.6188182234764099, 0.0011135232634842396]"
1757,5,5,"[0.00040192625601775944, 0.000520163681358099, 0.008435155265033245, 0.002152480650693178, 0.0011368334526196122, 0.9873425960540771, 1.0806479622260667e-05]"
1758,2,5,"[0.012735181488096714, 0.013617523945868015, 0.4051939845085144, 0.0038480660878121853, 0.13842123746871948, 0.4261176288127899, 6.641200161539018e-05]"
1759,5,5,"[0.03490973636507988, 0.09055131673812866, 0.023664023727178574, 0.007011846173554659, 0.10803829878568649, 0.7270565032958984, 0.008768277242779732]"
1760,0,5,"[0.05897674337029457, 0.01705283671617508, 0.14315921068191528, 0.0037209473084658384, 0.3108960688114166, 0.4660472869873047, 0.00014694093260914087]"
1761,2,2,"[0.023873958736658096, 0.018700536340475082, 0.6101393103599548, 0.006821353454142809, 0.16346558928489685, 0.17689372599124908, 0.00010543236567173153]"
1762,5,5,"[0.00522293196991086, 0.0027433636132627726, 0.039511267095804214, 0.00241811852902174, 0.075457364320755, 0.8746273517608643, 1.9602084648795426e-05]"
1763,5,5,"[0.0003139628970529884, 0.001532199908979237, 0.031477734446525574, 0.0005648357910104096, 0.39435017108917236, 0.40624183416366577, 0.1655193269252777]"
1764,5,5,"[6.080033563193865e-05, 0.00018831374472938478, 0.006328169722110033, 0.0008052673074416816, 0.000907927576918155, 0.9916937947273254, 1.5662391888326965e-05]"
1765,5,5,"[0.0026081190444529057, 0.002259225817397237, 0.30048155784606934, 0.001003660843707621, 0.22617095708847046, 0.4674007296562195, 7.579913653898984e-05]"
1766,5,5,"[5.635782144963741e-05, 0.0004338734725024551, 0.0023507680743932724, 0.0005347697879187763, 0.0007774436380714178, 0.9956969022750854, 0.00015002331929281354]"
1767,5,5,"[0.0002895717043429613, 0.00030262090149335563, 0.058238349854946136, 0.00023961073020473123, 0.20197154581546783, 0.7388464212417603, 0.00011193108366569504]"
1768,5,5,"[0.00033914734376594424, 0.0009787067538127303, 0.010819713585078716, 0.000690139306243509, 0.01208098977804184, 0.975014328956604, 7.692517101531848e-05]"
1769,5,5,"[0.0018184371292591095, 0.0015941595192998648, 0.17112183570861816, 0.0007978581706993282, 0.4118664264678955, 0.4124663472175598, 0.0003349153557792306]"
1770,5,5,"[0.0004474781744647771, 0.001662521855905652, 0.25277841091156006, 0.0005657760193571448, 0.03239457309246063, 0.7120381593704224, 0.00011312497372273356]"
1771,4,5,"[0.03764115646481514, 0.01828775368630886, 0.07219186425209045, 0.009906170889735222, 0.4026753306388855, 0.45897936820983887, 0.0003182686632499099]"
1772,4,5,"[0.00025293303770013154, 0.00036745500983670354, 0.03456629440188408, 0.0003030970401596278, 0.3023187816143036, 0.6581242084503174, 0.004067249596118927]"
1773,2,4,"[0.016110971570014954, 0.005756699480116367, 0.24451564252376556, 0.001707718358375132, 0.5568379163742065, 0.1747497320175171, 0.0003213824820704758]"
1774,5,5,"[0.0023224977776408195, 0.016815945506095886, 0.010058967396616936, 0.0018927097553387284, 0.10665145516395569, 0.8490808606147766, 0.013177680782973766]"
1775,5,5,"[5.479359970195219e-05, 0.00033024291042238474, 0.0021168659441173077, 0.000549789983779192, 0.0007296184194274247, 0.9960834980010986, 0.00013519667845685035]"
1776,5,5,"[5.5455620895372704e-05, 0.00012045496259815991, 0.006139833014458418, 0.0003214041353203356, 0.0012528710067272186, 0.9921017289161682, 8.266232725873124e-06]"
1777,5,5,"[6.0481590480776504e-05, 0.00030850947950966656, 0.003978656139224768, 0.000937126693315804, 0.0008712185663171113, 0.9938064813613892, 3.759856190299615e-05]"
1778,5,5,"[3.524592466419563e-05, 0.00020707654766738415, 0.004683604929596186, 0.0008702609920874238, 0.0008069300092756748, 0.9933633804321289, 3.351544728502631e-05]"
1779,2,2,"[0.014801619574427605, 0.007895166054368019, 0.5715962052345276, 0.0026653758250176907, 0.2556338608264923, 0.14726337790489197, 0.00014434850891120732]"
1780,2,5,"[0.0009481913293711841, 0.0014775290619581938, 0.13750143349170685, 0.0006646395195275545, 0.09006704390048981, 0.7693116664886475, 2.9545632060035132e-05]"
1781,5,5,"[3.348017344251275e-05, 0.0001770415692590177, 0.004694040864706039, 0.0005482470151036978, 0.0008384353131987154, 0.9936807155609131, 2.8018934244755656e-05]"
1782,2,5,"[0.002395911607891321, 0.03685423731803894, 0.09927892684936523, 0.004183391109108925, 0.09326722472906113, 0.743911862373352, 0.020108504220843315]"
1783,5,5,"[0.0001951539161382243, 0.0008250604150816798, 0.03830500319600105, 0.00038353726267814636, 0.3328879773616791, 0.5805941820144653, 0.04680909961462021]"
1784,6,6,"[0.004947816487401724, 0.10137598216533661, 0.004337577149271965, 0.009779507294297218, 0.0030976852867752314, 0.011358428746461868, 0.8651031255722046]"
1785,5,5,"[2.5639634259277955e-05, 0.00016809167573228478, 0.002028345363214612, 0.0002982829755637795, 0.0009166389936581254, 0.9965202808380127, 4.2719420889625326e-05]"
1786,5,5,"[0.003353833919391036, 0.0010269054910168052, 0.33679306507110596, 0.0020440644584596157, 0.22108885645866394, 0.4356670081615448, 2.6195306418230757e-05]"
1787,5,5,"[0.0003811977803707123, 0.00043716447544284165, 0.015798131003975868, 0.0019761209841817617, 0.0013493186561390758, 0.980050265789032, 7.870896297390573e-06]"
1788,5,5,"[0.00038683461025357246, 0.0008309446275234222, 0.07238871604204178, 0.00034015843993984163, 0.20081530511379242, 0.7249128818511963, 0.00032514933263882995]"
1789,4,5,"[0.0009694122127257288, 0.0017982046119868755, 0.10622081160545349, 0.0005455446080304682, 0.2558768689632416, 0.6342194676399231, 0.000369663757737726]"
1790,2,5,"[0.003302439581602812, 0.0016573457978665829, 0.07395119965076447, 0.0006148238899186254, 0.3480565845966339, 0.572155237197876, 0.00026236739358864725]"
1791,0,0,"[0.46355780959129333, 0.3522181510925293, 0.05114259570837021, 0.11144468933343887, 0.008009064011275768, 0.009406106546521187, 0.004221611190587282]"
1792,5,5,"[0.00018322624964639544, 0.0003317732480354607, 0.02250855043530464, 0.0017410420114174485, 0.0014841208467260003, 0.973734974861145, 1.6281421267194673e-05]"
1793,5,5,"[2.5779445422813296e-05, 0.0001371890539303422, 0.002297010039910674, 0.0003474295954219997, 0.0008486586157232523, 0.9962933659553528, 5.053699351265095e-05]"
1794,5,5,"[0.0001574929483467713, 0.00016228959430009127, 0.02712692879140377, 0.0005186718190088868, 0.0030304468236863613, 0.9689970016479492, 7.1518302320328075e-06]"
1795,5,5,"[6.316630606306717e-05, 0.00013329334615264088, 0.006608201190829277, 0.0004902653745375574, 0.0011058514937758446, 0.9915919303894043, 7.159786036936566e-06]"
1796,5,5,"[7.800934690749273e-05, 0.00029426300898194313, 0.017518531531095505, 0.00029233438544906676, 0.055902037769556046, 0.9214102029800415, 0.0045046331360936165]"
1797,2,5,"[0.001423611305654049, 0.0010608367156237364, 0.206384539604187, 0.000790268590208143, 0.21409869194030762, 0.576188325881958, 5.3716379625257105e-05]"
1798,5,5,"[5.6354729167651385e-05, 0.00013788350042887032, 0.007368943654000759, 0.0005150249926373363, 0.0010666289599612355, 0.9908455014228821, 9.762343324837275e-06]"
1799,5,5,"[0.0015518947038799524, 0.0020449720323085785, 0.020483851432800293, 0.0005100999842397869, 0.11300482600927353, 0.8619932532310486, 0.0004110786539968103]"
1800,4,4,"[0.000412671419326216, 0.0011704661883413792, 0.04800235480070114, 0.00041888613486662507, 0.47734397649765015, 0.4609206020832062, 0.011731019243597984]"
1801,4,5,"[0.001507498207502067, 0.010920396074652672, 0.01980592869222164, 0.0012706532143056393, 0.06988998502492905, 0.8930155038833618, 0.0035900066141039133]"
1802,5,5,"[0.00012565369252115488, 0.0007374563720077276, 0.0026711176615208387, 0.0008262739283964038, 0.0007443248177878559, 0.9948657155036926, 2.945875166915357e-05]"
1803,5,5,"[3.213589661754668e-05, 0.00011283833009656519, 0.0028124190866947174, 0.000169967272086069, 0.00159119360614568, 0.9952660799026489, 1.5362344129243866e-05]"
1804,5,4,"[0.03967408090829849, 0.0079688411206007, 0.22515203058719635, 0.0064404066652059555, 0.38351544737815857, 0.3372119963169098, 3.715060665854253e-05]"
1805,5,2,"[0.004629205446690321, 0.00724817393347621, 0.536130428314209, 0.002006240887567401, 0.0872218981385231, 0.362679660320282, 8.434321352979168e-05]"
1806,5,5,"[0.01701129786670208, 0.04954487085342407, 0.0752713531255722, 0.005274350289255381, 0.15542306005954742, 0.696069598197937, 0.0014054815983399749]"
1807,5,5,"[0.029192274436354637, 0.060097839683294296, 0.012379106134176254, 0.28928637504577637, 0.003907118458300829, 0.5925776958465576, 0.012559588998556137]"
1808,2,2,"[0.0035300590097904205, 0.0008197095594368875, 0.6438385248184204, 0.0027028487529605627, 0.11923334747552872, 0.22984610497951508, 2.947372558992356e-05]"
1809,5,5,"[0.00037887715734541416, 0.0005041182157583535, 0.08660717308521271, 0.00036563974572345614, 0.2793974280357361, 0.6318960189819336, 0.000850787153467536]"
1810,5,5,"[0.004805727396160364, 0.008544700220227242, 0.030899198725819588, 0.008517494425177574, 0.005445096176117659, 0.9417771697044373, 1.0654012839950155e-05]"
1811,5,5,"[5.363656964618713e-05, 0.0002519145200494677, 0.005079412367194891, 0.0007983237155713141, 0.000724801910109818, 0.9930567741394043, 3.50235823134426e-05]"
1812,5,5,"[4.413730130181648e-05, 0.0001140646418207325, 0.0037158194463700056, 0.00020940121612511575, 0.001347626093775034, 0.9945576190948486, 1.1427319805079605e-05]"
1813,4,5,"[0.0003530211979523301, 0.0005883370176889002, 0.0249435193836689, 0.00036664033541455865, 0.15679867565631866, 0.8163827657699585, 0.0005671316757798195]"
1814,5,5,"[2.4124861738528125e-05, 0.00010888367978623137, 0.0020100772380828857, 0.000182866002433002, 0.0013735010288655758, 0.9962479472160339, 5.250758840702474e-05]"
1815,4,5,"[0.008814654313027859, 0.0024006615858525038, 0.39236709475517273, 0.0011154025560244918, 0.17601601779460907, 0.41925984621047974, 2.6306059226044454e-05]"
1816,5,5,"[4.220405389787629e-05, 0.00016652405611239374, 0.004211619030684233, 0.0005418552318587899, 0.0008465230348519981, 0.9941767454147339, 1.4473787814495154e-05]"
1817,5,5,"[6.885505717946216e-05, 0.00020939981914125383, 0.002738418523222208, 0.0005596574046649039, 0.0008246477227658033, 0.9955730438232422, 2.5993669623858295e-05]"
1818,5,5,"[0.00015715559129603207, 0.0009162456262856722, 0.029487160965800285, 0.0003108827513642609, 0.09679900109767914, 0.8664931058883667, 0.0058364360593259335]"
1819,2,5,"[0.04094769060611725, 0.05650952830910683, 0.11982323974370956, 0.02672968991100788, 0.178140789270401, 0.5773928165435791, 0.0004562100220937282]"
1820,5,5,"[6.505200144601986e-05, 0.00025260858819819987, 0.0038426904939115047, 0.0008339510532096028, 0.0007216708618216217, 0.9942545294761658, 2.9589838959509507e-05]"
1821,2,4,"[0.04389258101582527, 0.00899409968405962, 0.3112277090549469, 0.01157032884657383, 0.4655613303184509, 0.15863947570323944, 0.00011444972187746316]"
1822,4,4,"[0.0006435635732486844, 0.0006677288329228759, 0.04612715169787407, 0.0005806676344946027, 0.6595847606658936, 0.21067842841148376, 0.08171768486499786]"
1823,2,2,"[0.009951942600309849, 0.01603453792631626, 0.8310299515724182, 0.013707941398024559, 0.019366733729839325, 0.1098175048828125, 9.135105938185006e-05]"
1824,5,5,"[8.14009181340225e-05, 0.0002210685925092548, 0.008340038359165192, 0.0008466097060590982, 0.0009595481096766889, 0.989543080329895, 8.29042346595088e-06]"
1825,0,4,"[0.13355474174022675, 0.21660123765468597, 0.1652609258890152, 0.03122679516673088, 0.3325251638889313, 0.07389140874147415, 0.046939749270677567]"
1826,5,5,"[0.0012067912612110376, 0.0012555222492665052, 0.022297104820609093, 0.0005823916872031987, 0.1513919234275818, 0.8229343891143799, 0.0003319004026707262]"
1827,5,5,"[0.00047644699225202203, 0.002254679799079895, 0.016690615564584732, 0.0006497460417449474, 0.16768401861190796, 0.8073695302009583, 0.00487504294142127]"
1828,4,5,"[0.0014982545981183648, 0.0018899476854130626, 0.24737140536308289, 0.0005430957535281777, 0.3470534086227417, 0.40121346712112427, 0.0004304717876948416]"
1829,2,0,"[0.43100690841674805, 0.06918320059776306, 0.35001686215400696, 0.091401107609272, 0.03171013295650482, 0.026451215147972107, 0.00023062115360517055]"
1830,5,5,"[0.00012954084377270192, 0.0002942438586615026, 0.004281214904040098, 0.0007520748185925186, 0.0009116610744968057, 0.9936136603355408, 1.768086622178089e-05]"
1831,5,2,"[0.004492662381380796, 0.03259911388158798, 0.443765252828598, 0.0038708546198904514, 0.09913875162601471, 0.4110071361064911, 0.005126181524246931]"
1832,5,5,"[1.9186536519555375e-05, 0.00020093258353881538, 0.0014903808478266, 0.0002081542188534513, 0.0016302702715620399, 0.9960175156593323, 0.00043360170093365014]"
1833,5,1,"[0.05824902653694153, 0.6725471615791321, 0.03427399694919586, 0.02831444889307022, 0.012476527132093906, 0.18419356644153595, 0.009945301339030266]"
1834,5,5,"[8.101015555439517e-05, 0.00025017434381879866, 0.0037066610530018806, 0.00035863579250872135, 0.0009597371681593359, 0.9946247935295105, 1.8948523575090803e-05]"
1835,5,5,"[1.9383538528927602e-05, 0.00012861420691478997, 0.003921708092093468, 0.0004052305012010038, 0.0009738530497997999, 0.9944813251495361, 6.993526767473668e-05]"
1836,5,5,"[7.888881373219192e-05, 0.000342468818416819, 0.002512193750590086, 0.0004988245782442391, 0.0007330095395445824, 0.9958036541938782, 3.102658229181543e-05]"
1837,5,5,"[3.4469216188881546e-05, 0.00021254902821965516, 0.0023403337690979242, 0.0005772127187810838, 0.0007557598291896284, 0.996024489402771, 5.521002458408475e-05]"
1838,5,5,"[0.0006252090097405016, 0.007278503384441137, 0.058791179209947586, 0.0008115418022498488, 0.1583528071641922, 0.7295488715171814, 0.044591907411813736]"
1839,5,5,"[0.00027651802520267665, 0.0002817557251546532, 0.09778688102960587, 0.0016938361804932356, 0.004858098924160004, 0.8950947523117065, 8.087103196885437e-06]"
1840,5,5,"[0.00025103267398662865, 0.000589665025472641, 0.00969088077545166, 0.0006504000048153102, 0.0014504872960969806, 0.9873632788658142, 4.194710527372081e-06]"
1841,4,2,"[0.045999810099601746, 0.03753548860549927, 0.6049620509147644, 0.007053761277347803, 0.17857152223587036, 0.1255125105381012, 0.0003648612182587385]"
1842,2,4,"[0.0005814992473460734, 0.0008972157374955714, 0.19843006134033203, 0.0004900838830508292, 0.4950586259365082, 0.2955920398235321, 0.008950484916567802]"
1843,5,5,"[0.003334951587021351, 0.0015173702267929912, 0.07756611704826355, 0.0012795799411833286, 0.04454793035984039, 0.8717344403266907, 1.9732287910301238e-05]"
1844,2,2,"[0.004224168602377176, 0.002295522950589657, 0.6434424519538879, 0.002548051066696644, 0.10940665751695633, 0.2380378246307373, 4.522970266407356e-05]"
1845,5,5,"[0.00047193982754833996, 0.00036126573104411364, 0.02972496673464775, 0.000318883074214682, 0.4652213156223297, 0.5025683045387268, 0.0013332453090697527]"
1846,5,5,"[2.8011998438159935e-05, 0.00010669438051991165, 0.00526010524481535, 0.0006989049143157899, 0.0011575460666790605, 0.992712140083313, 3.652696977951564e-05]"
1847,5,5,"[0.00018771682516671717, 0.00015964156773407012, 0.014959084801375866, 0.0006647651316598058, 0.0024828400928527117, 0.9815433621406555, 2.634882093843771e-06]"
1848,5,5,"[0.0006062078173272312, 0.0010298036504536867, 0.1304255723953247, 0.00035378304892219603, 0.38323837518692017, 0.4830361604690552, 0.001310083200223744]"
1849,2,4,"[0.020254595205187798, 0.0031431340612471104, 0.3928593695163727, 0.0023374322336167097, 0.41867727041244507, 0.16267481446266174, 5.336620597518049e-05]"
1850,4,5,"[0.00017156107060145587, 0.0005438511143438518, 0.055642351508140564, 0.00039174326229840517, 0.22345592081546783, 0.6791733503341675, 0.040621209889650345]"
1851,0,0,"[0.2672234773635864, 0.08719737827777863, 0.17268408834934235, 0.21546109020709991, 0.006148303393274546, 0.25093546509742737, 0.0003501826140563935]"
1852,5,5,"[0.004494001157581806, 0.001843307283706963, 0.08034798502922058, 0.0017354245064780116, 0.027585512027144432, 0.883989691734314, 4.115941010240931e-06]"
1853,5,5,"[0.0002421607350697741, 0.0013476700987666845, 0.0773404911160469, 0.0004915191093459725, 0.21268735826015472, 0.6892638802528381, 0.018626904115080833]"
1854,2,2,"[0.02230178564786911, 0.06273593753576279, 0.6093560457229614, 0.02210553176701069, 0.03155393898487091, 0.25175052881240845, 0.00019619705562945455]"
1855,3,2,"[0.2583681344985962, 0.25936493277549744, 0.34553077816963196, 0.0714559555053711, 0.022700637578964233, 0.042153093963861465, 0.0004264552553649992]"
1856,4,5,"[0.00037136481842026114, 0.0008526806486770511, 0.03121289797127247, 0.00034008617512881756, 0.3845924437046051, 0.5759608745574951, 0.006669660098850727]"
1857,5,5,"[2.6574067305773497e-05, 0.00014166774053592235, 0.00264662504196167, 0.0003362927818670869, 0.0008602114976383746, 0.9959523677825928, 3.639657370513305e-05]"
1858,5,5,"[7.971356535563245e-05, 0.0001670943747740239, 0.007742024026811123, 0.00046290093450807035, 0.0011983274016529322, 0.990344226360321, 5.767029051639838e-06]"
1859,2,2,"[0.008126880042254925, 0.012321211397647858, 0.692854106426239, 0.005977003835141659, 0.029841851443052292, 0.25081443786621094, 6.446455518016592e-05]"
1860,5,5,"[0.00394414272159338, 0.0030017918907105923, 0.030844781547784805, 0.0009276443161070347, 0.10507918894290924, 0.8560897707939148, 0.00011259914026595652]"
1861,5,5,"[3.4776152460835874e-05, 0.00021271631703712046, 0.002637713449075818, 0.00031022500479593873, 0.0008193483226932585, 0.9958924055099487, 9.282082464778796e-05]"
1862,2,2,"[0.08451811969280243, 0.02978118509054184, 0.7601028680801392, 0.024255499243736267, 0.03997715562582016, 0.06125114858150482, 0.0001140293461503461]"
1863,1,1,"[0.11271920800209045, 0.41018396615982056, 0.1765911877155304, 0.05235079675912857, 0.12017083168029785, 0.05490767955780029, 0.07307637482881546]"
1864,4,2,"[0.13001412153244019, 0.026446819305419922, 0.4034558832645416, 0.028431734070181847, 0.25533559918403625, 0.15623633563518524, 7.948968413984403e-05]"
1865,5,5,"[0.001151166739873588, 0.00600020494312048, 0.004900123458355665, 0.0027542137540876865, 0.0017882579704746604, 0.9833464622497559, 5.956810127827339e-05]"
1866,5,5,"[3.2319170713890344e-05, 0.0001745657209539786, 0.0023346515372395515, 0.0004153930058237165, 0.0007501228828914464, 0.9962480664253235, 4.4854936277261004e-05]"
1867,2,2,"[0.08876124024391174, 0.10615606606006622, 0.682751476764679, 0.03961616009473801, 0.027067605406045914, 0.055238522589206696, 0.0004089135327376425]"
1868,1,5,"[0.008686860091984272, 0.007344424724578857, 0.2924768626689911, 0.008074473589658737, 0.2037241905927658, 0.47963747382164, 5.580332799581811e-05]"
1869,5,5,"[3.614479282987304e-05, 0.00012760284880641848, 0.0033322719391435385, 0.00034688893356360495, 0.001054015476256609, 0.9950893521308899, 1.3761734408035409e-05]"
1870,4,4,"[0.006728353910148144, 0.0025323897134512663, 0.20900051295757294, 0.0019528428092598915, 0.6626921892166138, 0.1162562146782875, 0.0008374956669285893]"
1871,2,2,"[0.021915080025792122, 0.0358794741332531, 0.7906998991966248, 0.013008716516196728, 0.02959064580500126, 0.10872218012809753, 0.00018395089136902243]"
1872,1,4,"[0.10812236368656158, 0.04748678579926491, 0.23197175562381744, 0.007455447688698769, 0.4906376898288727, 0.11022049188613892, 0.004105506930500269]"
1873,5,5,"[1.8649574485607445e-05, 7.638198439963162e-05, 0.003940984606742859, 0.00014521984849125147, 0.002885801950469613, 0.9928439259529114, 8.901433466235176e-05]"
1874,5,5,"[0.0015162330819293857, 0.000989990890957415, 0.11103776842355728, 0.0005525613087229431, 0.24048477411270142, 0.6453218460083008, 9.679707000032067e-05]"
1875,2,2,"[0.05470047518610954, 0.009478410705924034, 0.5056927800178528, 0.032898206263780594, 0.1377725750207901, 0.2594332993030548, 2.424605372652877e-05]"
1876,5,5,"[4.826661461265758e-05, 0.0002753955777734518, 0.0025217405054718256, 0.00040702635305933654, 0.0009143100469373167, 0.9958124756813049, 2.068938556476496e-05]"
1877,5,5,"[0.005698597524315119, 0.008216526359319687, 0.24396385252475739, 0.002185187302529812, 0.3190789520740509, 0.4204750657081604, 0.00038181626587174833]"
1878,4,5,"[0.0019829270895570517, 0.0022428168449550867, 0.22378666698932648, 0.0011810363503172994, 0.13912886381149292, 0.6315892934799194, 8.835693733999506e-05]"
1879,5,5,"[2.730131382122636e-05, 0.00010561737144598737, 0.005720197223126888, 0.00018152588745579123, 0.007611946202814579, 0.9860126376152039, 0.0003407410404179245]"
1880,5,5,"[0.00010254828521283343, 0.000589000410400331, 0.04624869301915169, 0.0003075162530876696, 0.09354620426893234, 0.8554056882858276, 0.0038003127556294203]"
1881,2,5,"[0.029536176472902298, 0.15489067137241364, 0.08788788318634033, 0.015308063477277756, 0.20610922574996948, 0.4782349467277527, 0.02803306095302105]"
1882,1,5,"[0.007869192399084568, 0.2918924391269684, 0.045882418751716614, 0.02961803413927555, 0.027313878759741783, 0.43164917826652527, 0.1657748520374298]"
1883,5,5,"[0.00047367275692522526, 0.004285614937543869, 0.08581370860338211, 0.0004929249407723546, 0.14284595847129822, 0.7545351982116699, 0.01155289076268673]"
1884,1,5,"[0.0609733909368515, 0.29900744557380676, 0.09685283154249191, 0.02645779959857464, 0.017683841288089752, 0.49766290187835693, 0.0013618450611829758]"
1885,4,2,"[0.0542563758790493, 0.019887469708919525, 0.5183590054512024, 0.012055064551532269, 0.3198421001434326, 0.0753801167011261, 0.00021986344654578716]"
1886,5,5,"[0.0001456822210457176, 0.0005874135531485081, 0.003090490587055683, 0.0010704132728278637, 0.0007852673879824579, 0.9942305088043213, 9.029790089698508e-05]"
1887,0,0,"[0.4106133282184601, 0.08592823892831802, 0.30092331767082214, 0.09426726400852203, 0.05802159383893013, 0.05011172592639923, 0.0001344991469522938]"
1888,5,5,"[0.0007764904876239598, 0.001501874765381217, 0.02881649136543274, 0.0006626772228628397, 0.2506897747516632, 0.7162366509437561, 0.0013161043170839548]"
1889,5,2,"[0.0007923045777715743, 0.0007162929396145046, 0.48318225145339966, 0.0012869328493252397, 0.06509924679994583, 0.44889095425605774, 3.200792343704961e-05]"
1890,2,5,"[0.007898685522377491, 0.004839366301894188, 0.3895505368709564, 0.0029026633128523827, 0.09803609549999237, 0.496757447719574, 1.5225446077238303e-05]"
1891,5,5,"[3.4163433156209067e-05, 0.00011223753244848922, 0.002438358962535858, 0.00018009328050538898, 0.001405340270139277, 0.9958025813102722, 2.7264411983196624e-05]"
1892,5,5,"[3.662537710624747e-05, 0.0002077693643514067, 0.0014620108995586634, 0.00033285116660408676, 0.0009037957643158734, 0.9969929456710815, 6.399322592187673e-05]"
1893,5,5,"[0.0009538704180158675, 0.0014442240353673697, 0.03124186396598816, 0.002482173964381218, 0.1996469497680664, 0.7609946131706238, 0.0032363077625632286]"
1894,5,5,"[5.483770291903056e-05, 0.00017858759383670986, 0.002769929589703679, 0.00038177813985385, 0.0008886648574844003, 0.9956823587417603, 4.39027207903564e-05]"
1895,5,5,"[0.002784841228276491, 0.005534640979021788, 0.29875925183296204, 0.0010641879634931684, 0.09310485422611237, 0.5986477136611938, 0.00010447642853250727]"
1896,5,5,"[0.0001688499323790893, 0.0027865569572895765, 0.06108430400490761, 0.0006110421963967383, 0.016235142946243286, 0.9185695052146912, 0.0005446035065688193]"
1897,5,5,"[4.11188775615301e-05, 0.00010533151362324134, 0.0043516638688743114, 0.0001883074000943452, 0.0014492693590000272, 0.9938513040542603, 1.3030449736106675e-05]"
1898,4,4,"[0.005749175325036049, 0.0030030773486942053, 0.0703108161687851, 0.0018336798530071974, 0.46239957213401794, 0.4565679132938385, 0.00013580753875430673]"
1899,5,5,"[0.00032157477107830346, 0.0015356228686869144, 0.08790037035942078, 0.00032801233464851975, 0.21819233894348145, 0.6841383576393127, 0.007583756931126118]"
1900,2,4,"[0.013649966567754745, 0.00485267722979188, 0.29402828216552734, 0.0043097431771457195, 0.44153469800949097, 0.2415027767419815, 0.00012187488755444065]"
1901,4,5,"[0.0014908486045897007, 0.004198886454105377, 0.06904800981283188, 0.0012831734493374825, 0.16542917490005493, 0.7577893733978271, 0.000760455266572535]"
1902,5,4,"[0.00035299904993735254, 0.0006000616704113781, 0.11279284954071045, 0.00036735893809236586, 0.4928872585296631, 0.3774426281452179, 0.015556938014924526]"
1903,5,5,"[7.812523836037144e-05, 0.00014846901467535645, 0.005481746979057789, 0.00046331656631082296, 0.0012688980204984546, 0.9925546050071716, 4.76684272143757e-06]"
1904,5,2,"[0.003943351097404957, 0.008653570897877216, 0.6564738750457764, 0.0018894737586379051, 0.061511240899562836, 0.2671225965023041, 0.0004059199709445238]"
1905,0,0,"[0.34137973189353943, 0.2661004066467285, 0.18148282170295715, 0.08287105709314346, 0.041662029922008514, 0.08624312281608582, 0.000260845321463421]"
1906,4,4,"[0.0025062034837901592, 0.0025839325971901417, 0.12088043987751007, 0.0005637289141304791, 0.5670776963233948, 0.3015715777873993, 0.004816383123397827]"
1907,5,5,"[6.445268081733957e-05, 0.0001928290876094252, 0.0054183220490813255, 0.0006072322721593082, 0.0009327594307251275, 0.9927676916122437, 1.6725414752727374e-05]"
1908,2,2,"[0.27648040652275085, 0.12553682923316956, 0.44825536012649536, 0.07556610554456711, 0.046724069863557816, 0.02712087519466877, 0.00031633878825232387]"
1909,5,5,"[1.9062030332861468e-05, 0.00015202193753793836, 0.0013169042067602277, 0.0001842645142460242, 0.0015918912831693888, 0.9964424967765808, 0.00029336995794437826]"
1910,5,5,"[0.019903576001524925, 0.10572092235088348, 0.41276484727859497, 0.011280751787126064, 0.0327879972755909, 0.41701802611351013, 0.0005238779704086483]"
1911,2,5,"[0.0008136649266816676, 0.0011256333673372865, 0.29928818345069885, 0.000367624539649114, 0.09860755503177643, 0.5996952652931213, 0.00010212391498498619]"
1912,5,5,"[0.001124219037592411, 0.0007146748248487711, 0.076463483273983, 0.004263777285814285, 0.0031541320495307446, 0.9142735600471497, 6.148120974103222e-06]"
1913,5,5,"[0.001397495623677969, 0.0006935805431567132, 0.07968003302812576, 0.003869753098115325, 0.0038913669995963573, 0.9104637503623962, 4.103692845092155e-06]"
1914,2,2,"[0.014055515639483929, 0.011557932011783123, 0.8449832797050476, 0.008702277205884457, 0.04466283693909645, 0.07595372945070267, 8.44533642521128e-05]"
1915,5,5,"[7.882477802922949e-05, 0.00033231094130314887, 0.0037183715030550957, 0.0009808233007788658, 0.0006715456256642938, 0.994166374206543, 5.1679275202332065e-05]"
1916,0,1,"[0.13857123255729675, 0.6234669089317322, 0.041354481130838394, 0.12364105880260468, 0.0026667965576052666, 0.06409353017807007, 0.006206010468304157]"
1917,2,5,"[0.0004342270258348435, 0.0005637554568238556, 0.03904755041003227, 0.00038913710159249604, 0.11796408891677856, 0.8414874076843262, 0.00011386256664991379]"
1918,5,5,"[0.015891142189502716, 0.186371311545372, 0.13222230970859528, 0.026264358311891556, 0.015195919200778008, 0.6227219700813293, 0.0013329472858458757]"
1919,5,5,"[2.6736628569778986e-05, 0.0001268834894290194, 0.0028670665342360735, 0.00030584997148253024, 0.0008950986666604877, 0.9957271814346313, 5.119857451063581e-05]"
1920,5,5,"[2.0186242181807756e-05, 0.00012517289724200964, 0.0031813986133784056, 0.00023161208082456142, 0.0010362019529566169, 0.9953497648239136, 5.56275736016687e-05]"
1921,5,5,"[5.3081221267348155e-05, 0.00020048714941367507, 0.002024130430072546, 0.0005022305995225906, 0.0007877559983171523, 0.9963917136192322, 4.0564318624092266e-05]"
1922,5,5,"[0.0005328686675056815, 0.0011698133312165737, 0.1355067640542984, 0.000382733007427305, 0.1724861115217209, 0.6896435022354126, 0.00027825834695249796]"
1923,1,5,"[0.041273947805166245, 0.042687393724918365, 0.2787216305732727, 0.022238049656152725, 0.2506684958934784, 0.36420711874961853, 0.00020341185154393315]"
1924,5,5,"[5.251899710856378e-05, 0.00028204749105498195, 0.0035611228086054325, 0.0005314266309142113, 0.0007347278296947479, 0.9947943091392517, 4.395972064230591e-05]"
1925,5,5,"[3.8818314351374283e-05, 0.00018201369675807655, 0.0023440129589289427, 0.000298617611406371, 0.0009816576493903995, 0.9960924983024597, 6.228555866982788e-05]"
1926,5,2,"[0.07958649843931198, 0.041401322931051254, 0.4650948941707611, 0.009756119921803474, 0.12337451428174973, 0.28071630001068115, 7.030040433164686e-05]"
1927,5,5,"[0.007129950914531946, 0.002329758368432522, 0.22032128274440765, 0.00362517056055367, 0.07204066216945648, 0.694548487663269, 4.672167051467113e-06]"
1928,5,5,"[0.00018947164062410593, 0.0003617421316448599, 0.007979550398886204, 0.001205519656650722, 0.0009157764725387096, 0.9893348813056946, 1.3049016160948668e-05]"
1929,2,1,"[0.15563999116420746, 0.6756682395935059, 0.042854808270931244, 0.08375244587659836, 0.004998533520847559, 0.028918618336319923, 0.008167348802089691]"
1930,5,5,"[0.0026676389388740063, 0.005544174462556839, 0.0587453693151474, 0.001127753872424364, 0.02401883155107498, 0.90786212682724, 3.409434066270478e-05]"
1931,5,5,"[0.035260025411844254, 0.03394633159041405, 0.14583918452262878, 0.008129951544106007, 0.36949053406715393, 0.4068930149078369, 0.00044095530756749213]"
1932,2,2,"[0.046559594571590424, 0.08521535247564316, 0.49227604269981384, 0.020314177498221397, 0.14582081139087677, 0.20823906362056732, 0.00157501723151654]"
1933,5,5,"[0.00021452936925925314, 0.0008790721767581999, 0.04647035524249077, 0.0004241303831804544, 0.17078161239624023, 0.777636706829071, 0.0035935938358306885]"
1934,1,4,"[0.002335444325581193, 0.001681131892837584, 0.19873230159282684, 0.0007445163791999221, 0.5892724394798279, 0.2050279825925827, 0.0022062023635953665]"
1935,4,2,"[0.0069277617149055, 0.003413290251046419, 0.6685738563537598, 0.0016795165138319135, 0.15002840757369995, 0.16929739713668823, 7.981279486557469e-05]"
1936,5,5,"[0.016008812934160233, 0.00712587870657444, 0.17404037714004517, 0.018439089879393578, 0.011834303848445415, 0.7725322842597961, 1.9312199583509937e-05]"
1937,5,5,"[3.989542165072635e-05, 0.00013091725122649223, 0.004138833377510309, 0.0003638362686615437, 0.0009027666528709233, 0.9944085478782654, 1.527922722743824e-05]"
1938,5,5,"[0.0007583238766528666, 0.0014451190363615751, 0.023695126175880432, 0.0007410781108774245, 0.12224743515253067, 0.8507688641548157, 0.0003440819273237139]"
1939,5,5,"[0.00030632480047643185, 0.0010638145031407475, 0.013056528754532337, 0.0004266572941560298, 0.1759127378463745, 0.8040619492530823, 0.005171953700482845]"
1940,1,0,"[0.328074187040329, 0.13585929572582245, 0.2954007089138031, 0.059232812374830246, 0.12817084789276123, 0.05293118208646774, 0.00033095519756898284]"
1941,5,5,"[0.13910862803459167, 0.2356409877538681, 0.13976894319057465, 0.024937467649579048, 0.11258766800165176, 0.3474767804145813, 0.00047952571185305715]"
1942,5,5,"[3.6723304219776765e-05, 0.0001322345924563706, 0.005700227804481983, 0.0005764272063970566, 0.0009258897043764591, 0.9926079511642456, 2.0545148800010793e-05]"
1943,2,5,"[0.00011332990834489465, 0.0005812551244162023, 0.0847722664475441, 0.00024336058413609862, 0.10126757621765137, 0.8098767399787903, 0.0031454195268452168]"
1944,4,5,"[0.0003391425998415798, 0.0010027068201452494, 0.013029157184064388, 0.00034379903809167445, 0.19988593459129333, 0.7791611552238464, 0.006238176953047514]"
1945,5,5,"[0.0001366872456856072, 0.0005552059737965465, 0.0038748166989535093, 0.0004717943083960563, 0.0009506329661235213, 0.9939355254173279, 7.52675550756976e-05]"
1946,5,5,"[0.00012653689191211015, 0.00021420398843474686, 0.010941335931420326, 0.000545566261280328, 0.001427468960173428, 0.9867362380027771, 8.63105378812179e-06]"
1947,5,2,"[0.002501525217667222, 0.0022345352917909622, 0.5190538167953491, 0.0015964631456881762, 0.13628534972667694, 0.3382693827152252, 5.895863432670012e-05]"
1948,5,5,"[0.003577115014195442, 0.004721823148429394, 0.24902839958667755, 0.0022615466732531786, 0.1319945752620697, 0.6083694100379944, 4.707336483988911e-05]"
1949,5,5,"[0.000922079780139029, 0.001569869345985353, 0.11811725795269012, 0.0003848491469398141, 0.15289264917373657, 0.7259147763252258, 0.00019856677681673318]"
1950,4,0,"[0.4850637912750244, 0.1032465249300003, 0.19604329764842987, 0.16024601459503174, 0.00990281067788601, 0.04525474086403847, 0.00024276120529975742]"
1951,5,5,"[5.9872400015592575e-05, 0.0004554728220682591, 0.0029032528400421143, 0.0009197206236422062, 0.0006247605197131634, 0.9948996901512146, 0.00013721641153097153]"
1952,5,2,"[0.05299223214387894, 0.052121974527835846, 0.3680024743080139, 0.02420716919004917, 0.27325186133384705, 0.22713568806648254, 0.0022886372171342373]"
1953,5,5,"[0.0001876031601568684, 0.0014847490238025784, 0.05891864001750946, 0.00037642326788045466, 0.1425396353006363, 0.7833070755004883, 0.013185842894017696]"
1954,5,4,"[0.0011810006108134985, 0.0005450621247291565, 0.08993380516767502, 0.000773031497374177, 0.4621464014053345, 0.4449617266654968, 0.0004590471799019724]"
1955,5,5,"[0.0007892000139690936, 0.0011547793401405215, 0.09090231359004974, 0.0004110726295039058, 0.18894091248512268, 0.7174645066261292, 0.00033726170659065247]"
1956,4,5,"[0.00011623717000475153, 0.00029155658558011055, 0.04256340116262436, 0.00023102636623661965, 0.1453767716884613, 0.8103767037391663, 0.001044382224790752]"
1957,5,5,"[0.039930205792188644, 0.013164038769900799, 0.22063268721103668, 0.0039420598186552525, 0.08172129839658737, 0.6405794024467468, 3.0271492505562492e-05]"
1958,5,5,"[9.158354805549607e-05, 0.0004699965356849134, 0.002437335904687643, 0.001004820573143661, 0.0006989474059082568, 0.9951184988021851, 0.0001788504159776494]"
1959,4,5,"[0.11914560943841934, 0.029104476794600487, 0.3015381395816803, 0.025606684386730194, 0.09801346063613892, 0.4264804720878601, 0.00011117436224594712]"
1960,5,5,"[4.298931889934465e-05, 0.00017956153897102922, 0.004165316931903362, 0.000506149954162538, 0.0008520400733686984, 0.9942306280136108, 2.333331030968111e-05]"
1961,5,5,"[0.006336666643619537, 0.019993344321846962, 0.026881583034992218, 0.0040983399376273155, 0.16594697535037994, 0.774216890335083, 0.002526279538869858]"
1962,6,5,"[0.0032989189494401217, 0.03802447021007538, 0.04326371103525162, 0.007478044368326664, 0.14547666907310486, 0.4665397107601166, 0.29591846466064453]"
1963,1,0,"[0.34368380904197693, 0.17475450038909912, 0.18174991011619568, 0.12627309560775757, 0.042745430022478104, 0.13057802617549896, 0.00021525709598790854]"
1964,5,4,"[0.12947224080562592, 0.04219622537493706, 0.309287428855896, 0.02413254603743553, 0.36081188917160034, 0.13393084704875946, 0.00016876256268005818]"
1965,5,5,"[0.003933138679713011, 0.0013945417013019323, 0.05364031344652176, 0.0007239121478050947, 0.09951251745223999, 0.8407677412033081, 2.7809917810373008e-05]"
1966,4,4,"[0.007388545200228691, 0.007646988146007061, 0.08884505927562714, 0.002179567003622651, 0.5636752843856812, 0.3288569748401642, 0.0014075119979679585]"
1967,5,5,"[0.0001354768028249964, 0.00014260092575568706, 0.013505383394658566, 0.00040223493124358356, 0.0025469765532761812, 0.9832631349563599, 4.101820195501205e-06]"
1968,1,1,"[0.05992909520864487, 0.7650576829910278, 0.021521545946598053, 0.03803308308124542, 0.007975303567945957, 0.0873781219124794, 0.020105205476284027]"
1969,5,5,"[0.00010192710033152252, 0.00015326948778238147, 0.035831283777952194, 0.00032276727142743766, 0.017238140106201172, 0.9462673664093018, 8.525534940417856e-05]"
1970,0,0,"[0.3689142167568207, 0.3078482151031494, 0.1442383974790573, 0.08718986064195633, 0.05365792661905289, 0.037494610995054245, 0.0006568250828422606]"
1971,5,5,"[0.0006291908212006092, 0.006148278247565031, 0.09174562245607376, 0.0006603806396014988, 0.1373375952243805, 0.7491075992584229, 0.014371374621987343]"
1972,5,5,"[4.324705878389068e-05, 0.0005302155623212457, 0.0022897308226674795, 0.0005542453727684915, 0.0014690558891743422, 0.9943529367446899, 0.0007605123100802302]"
1973,5,1,"[0.04382798820734024, 0.41614633798599243, 0.05864023417234421, 0.11289101839065552, 0.04958618804812431, 0.21940338611602783, 0.09950486570596695]"
1974,5,5,"[0.04447631537914276, 0.10308218002319336, 0.07208576053380966, 0.02766992338001728, 0.09964258223772049, 0.6506766080856323, 0.002366638043895364]"
1975,5,5,"[0.011713622137904167, 0.36459776759147644, 0.06971010565757751, 0.043218765407800674, 0.009698177687823772, 0.48329147696495056, 0.017770053818821907]"
1976,5,5,"[4.8843408876564354e-05, 0.0001811317342799157, 0.004879319574683905, 0.0006017323466949165, 0.0008047998999245465, 0.9934480786323547, 3.6183802876621485e-05]"
1977,5,4,"[0.001357602421194315, 0.001392181497067213, 0.07614164054393768, 0.0009352946071885526, 0.752005398273468, 0.14318504929542542, 0.02498287335038185]"
1978,4,4,"[0.12772957980632782, 0.0624970942735672, 0.1929902583360672, 0.03988852724432945, 0.3891289234161377, 0.1873176395893097, 0.0004479565832298249]"
1979,5,5,"[0.0031813911627978086, 0.07759765535593033, 0.13517272472381592, 0.0037164425011724234, 0.05700862780213356, 0.6363115906715393, 0.08701145648956299]"
1980,5,4,"[0.0253040362149477, 0.008297528140246868, 0.13237875699996948, 0.005372877698391676, 0.43689706921577454, 0.3916664719581604, 8.326512761414051e-05]"
1981,5,5,"[0.002577955601736903, 0.0025710321497172117, 0.11425033211708069, 0.001495355274528265, 0.23184429109096527, 0.6469778418540955, 0.0002831174060702324]"
1982,4,2,"[0.19409628212451935, 0.16325600445270538, 0.2812694311141968, 0.16368339955806732, 0.06492013484239578, 0.131682887673378, 0.001091902842745185]"
1983,4,5,"[0.004965343978255987, 0.007021871395409107, 0.024292046204209328, 0.0020854647736996412, 0.4001501500606537, 0.5580179691314697, 0.0034671309404075146]"
1984,6,6,"[0.0025407965295016766, 0.11596521735191345, 0.009885845705866814, 0.011523248627781868, 0.00506215076893568, 0.0394742414355278, 0.8155484795570374]"
1985,5,5,"[7.908047700766474e-05, 0.0003450310614425689, 0.0029156936798244715, 0.0006798627437092364, 0.000730724073946476, 0.9951794147491455, 7.023710350040346e-05]"
1986,5,5,"[2.6952182452077977e-05, 0.00012904529285151511, 0.006313154008239508, 0.00042749475687742233, 0.0012099593877792358, 0.9918734431266785, 2.0037603462697007e-05]"
1987,4,4,"[0.005852118134498596, 0.013739551417529583, 0.28507158160209656, 0.002285267459228635, 0.5047273635864258, 0.18093973398208618, 0.0073843770660459995]"
1988,4,5,"[0.000896504323463887, 0.0004308772913645953, 0.0748019590973854, 0.0003842600272037089, 0.38532471656799316, 0.5379511117935181, 0.00021054224635008723]"
1989,4,4,"[0.004185712430626154, 0.0012638160260394216, 0.09363501518964767, 0.0007405058713629842, 0.7061750292778015, 0.19359184801578522, 0.0004079852078575641]"
1990,2,2,"[0.23716625571250916, 0.14324527978897095, 0.3363790512084961, 0.03580547869205475, 0.1686309278011322, 0.07774151116609573, 0.001031536259688437]"
1991,5,5,"[0.0017810959834605455, 0.003261153819039464, 0.059842485934495926, 0.0006828406476415694, 0.2820223569869995, 0.6514301300048828, 0.0009799079271033406]"
1992,1,1,"[0.021072737872600555, 0.512567400932312, 0.009813143871724606, 0.03119424171745777, 0.003994950093328953, 0.052631255239248276, 0.36872631311416626]"
1993,5,5,"[2.1145637219888158e-05, 0.00011871445167344064, 0.0019888505339622498, 0.00037053771666251123, 0.0009144882787950337, 0.9965282082557678, 5.808440982946195e-05]"
1994,5,4,"[0.0018106522038578987, 0.00198000599630177, 0.019455980509519577, 0.0010117115452885628, 0.5946936011314392, 0.3751213252544403, 0.00592668354511261]"
1995,4,5,"[0.01795007288455963, 0.029264144599437714, 0.052694059908390045, 0.00869231577962637, 0.3128179907798767, 0.5774374604225159, 0.0011439515510573983]"
1996,5,5,"[0.00019084391533397138, 0.0005877276416867971, 0.0032624956220388412, 0.0013997823698446155, 0.0007141195237636566, 0.9938011765480042, 4.3915159039897844e-05]"
1997,5,5,"[0.00023797646281309426, 0.00018052710220217705, 0.02468057908117771, 0.0007149653974920511, 0.0026992205530405045, 0.9714840054512024, 2.6906770926871104e-06]"
1998,5,5,"[7.183534762589261e-05, 0.0003705517447087914, 0.002466638572514057, 0.0004871113342233002, 0.00080065056681633, 0.9957489967346191, 5.414051338448189e-05]"
1999,5,5,"[0.00010334280523238704, 0.00011100882693426684, 0.03161840885877609, 0.0010050167329609394, 0.0030501370783895254, 0.9641028642654419, 9.149829566013068e-06]"
2000,2,2,"[0.008727493695914745, 0.008984509855508804, 0.5469921231269836, 0.0026994224172085524, 0.16089047491550446, 0.2716013789176941, 0.00010465327795827761]"
2001,5,1,"[0.038887299597263336, 0.48164230585098267, 0.057417284697294235, 0.04869193211197853, 0.05385768413543701, 0.21567918360233307, 0.10382436960935593]"
2002,5,5,"[6.414709787350148e-05, 9.254525502910838e-05, 0.01567278616130352, 0.0001582677650731057, 0.00711213331669569, 0.9768735766410828, 2.6523537599132396e-05]"
2003,5,5,"[3.9407710573868826e-05, 0.0001695728424238041, 0.003986614290624857, 0.0006249157013371587, 0.0008240914321504533, 0.9943238496780396, 3.1535641028312966e-05]"
2004,5,5,"[0.0003533736162353307, 0.00449726264923811, 0.02370707131922245, 0.0005778613267466426, 0.05767621472477913, 0.9088144302368164, 0.004373795352876186]"
