Images,True Labels,Predictions,Predicted Probabilities
0,5,5,"[5.575217437581159e-05, 0.00010977118654409423, 0.005578980781137943, 0.00010036079765995964, 0.006565137766301632, 0.9875701069831848, 2.0005272745038383e-05]"
1,3,1,"[0.1613486409187317, 0.6040239930152893, 0.08375457674264908, 0.1104007214307785, 0.01050487905740738, 0.020636163651943207, 0.009331043809652328]"
2,4,2,"[0.020175805315375328, 0.029142675921320915, 0.7236894965171814, 0.015794925391674042, 0.09572829306125641, 0.11543936282396317, 2.9453516617650166e-05]"
3,0,2,"[0.03245626389980316, 0.044475629925727844, 0.6575363278388977, 0.027000101283192635, 0.04740612581372261, 0.1910819262266159, 4.360106322565116e-05]"
4,5,5,"[0.0008387202396988869, 0.005779889412224293, 0.03706229478120804, 0.000747457321267575, 0.19076618552207947, 0.7603487372398376, 0.004456757102161646]"
5,5,5,"[4.0461607568431646e-05, 0.00021546364587265998, 0.0013275615638121963, 0.0005727479001507163, 0.00016486852837260813, 0.997490406036377, 0.00018842084682546556]"
6,5,5,"[0.0006620248313993216, 0.001814386690966785, 0.019564902409911156, 0.0003008708590641618, 0.4262618124485016, 0.5464091897010803, 0.004986816085875034]"
7,4,5,"[0.0036721290089190006, 0.003627715865150094, 0.04362776502966881, 0.0012776076328009367, 0.07500089704990387, 0.8727226257324219, 7.12241671863012e-05]"
8,5,5,"[4.69382393930573e-05, 0.0002147466002497822, 0.002035127952694893, 0.0007182259578257799, 0.00019774030079133809, 0.9967160224914551, 7.121943053789437e-05]"
9,2,5,"[0.005280990153551102, 0.011319116689264774, 0.41777193546295166, 0.006650811526924372, 0.07180242240428925, 0.4871567189693451, 1.7993024812312797e-05]"
10,1,2,"[0.10331908613443375, 0.24791590869426727, 0.3339236378669739, 0.040065962821245193, 0.05800359323620796, 0.21643316745758057, 0.00033860988332889974]"
11,5,5,"[3.412427395232953e-05, 0.00017581651627551764, 0.0014899101806804538, 0.0004543442919384688, 0.00022390828235074878, 0.9974492192268372, 0.00017255739658139646]"
12,4,2,"[0.014287433587014675, 0.022046491503715515, 0.5489221215248108, 0.009322550147771835, 0.24493691325187683, 0.16041776537895203, 6.667883280897513e-05]"
13,5,5,"[9.687376586953178e-05, 0.0004659431870095432, 0.0023365679662674665, 0.0013998019276186824, 0.00015812677156645805, 0.9954327344894409, 0.0001099329674616456]"
14,5,5,"[0.00044901587534695864, 0.003716939827427268, 0.1573510318994522, 0.0011198431020602584, 0.21816839277744293, 0.6177841424942017, 0.0014106082962825894]"
15,4,4,"[0.0008861055830493569, 0.002029154449701309, 0.045330751687288284, 0.0003549076209310442, 0.6197041869163513, 0.33001723885536194, 0.0016776678385213017]"
16,4,4,"[0.001734812860377133, 0.0016782727325335145, 0.0694519504904747, 0.0009100707247853279, 0.7255045771598816, 0.19997799396514893, 0.0007423004717566073]"
17,2,2,"[0.007955791428685188, 0.013294089585542679, 0.5151312947273254, 0.005974254105240107, 0.1315964013338089, 0.3260260820388794, 2.212866093032062e-05]"
18,5,5,"[0.00046858214773237705, 0.0005712634883821011, 0.006325467023998499, 0.000593026983551681, 0.003987561911344528, 0.9880268573760986, 2.7273570594843477e-05]"
19,2,5,"[0.001322515425272286, 0.004424096085131168, 0.33560696244239807, 0.0017457643989473581, 0.18908151984214783, 0.4677663743495941, 5.272385533316992e-05]"
20,5,5,"[0.002445851918309927, 0.021758858114480972, 0.3759980797767639, 0.006944574415683746, 0.1668688952922821, 0.42532360553741455, 0.0006602147477678955]"
21,5,2,"[0.031189411878585815, 0.08050565421581268, 0.4398755133152008, 0.016428930684924126, 0.2840084433555603, 0.14743581414222717, 0.0005562894511967897]"
22,5,5,"[0.0002856266510207206, 0.002595659112557769, 0.05671323463320732, 0.0007882905192673206, 0.04548710212111473, 0.8940112590789795, 0.00011876411008415744]"
23,5,5,"[2.5921501219272614e-05, 0.00014063826529309154, 0.001397878979332745, 0.00017977379320655018, 0.0003030659572687, 0.997890293598175, 6.243988173082471e-05]"
24,5,5,"[0.000287596631096676, 0.0015912492526695132, 0.0019972322043031454, 0.0010405611246824265, 0.0002662808692548424, 0.994662344455719, 0.00015469333447981626]"
25,5,5,"[3.894981637131423e-05, 0.00019006292859558016, 0.01819860003888607, 0.0003790667688008398, 0.005126749165356159, 0.9760425090789795, 2.4133460101438686e-05]"
26,5,5,"[5.452535333461128e-05, 0.0002625376218929887, 0.00223877583630383, 0.0011086617596447468, 0.00023847671400289983, 0.995864987373352, 0.0002320214407518506]"
27,5,5,"[0.0023927385918796062, 0.0027473163791000843, 0.06648462265729904, 0.0006026803166605532, 0.3428232669830322, 0.5843943953514099, 0.0005549869383685291]"
28,5,5,"[2.6421683287480846e-05, 0.00015233598242048174, 0.0017159542767331004, 0.00036952761001884937, 0.0002155005931854248, 0.9973779916763306, 0.00014225704944692552]"
29,2,1,"[0.03359542414546013, 0.4991990625858307, 0.16574697196483612, 0.11548004299402237, 0.027279455214738846, 0.14864864945411682, 0.010050417855381966]"
30,5,5,"[4.255157182342373e-05, 0.0002257326414110139, 0.0012762520927935839, 0.00047702997107990086, 0.00016646987933199853, 0.9976689219474792, 0.0001429978001397103]"
31,5,5,"[5.180749940336682e-05, 0.00017758129979483783, 0.0024210780393332243, 0.0005834623007103801, 0.000276764651061967, 0.9964601397514343, 2.9098562663421035e-05]"
32,4,2,"[0.18177585303783417, 0.08720046281814575, 0.3068968951702118, 0.029948528856039047, 0.262125164270401, 0.13186322152614594, 0.00018986890790984035]"
33,5,5,"[0.0036970998626202345, 0.003879626514390111, 0.3348427414894104, 0.0047292402014136314, 0.04003060981631279, 0.6128140091896057, 6.702526206936454e-06]"
34,2,2,"[0.02216034196317196, 0.05029968172311783, 0.8228747844696045, 0.03690734878182411, 0.010026105679571629, 0.057664208114147186, 6.758771633030847e-05]"
35,2,2,"[0.11532149463891983, 0.11927007883787155, 0.44785505533218384, 0.03905927389860153, 0.15500062704086304, 0.12336123734712601, 0.00013229966862127185]"
36,2,2,"[0.017600631341338158, 0.0580967552959919, 0.7598564028739929, 0.03444947302341461, 0.031086929142475128, 0.0987391546368599, 0.00017069169552996755]"
37,5,5,"[3.83186197723262e-05, 0.0002076998061966151, 0.0012896375264972448, 0.0005646725767292082, 0.00018343119882047176, 0.9975341558456421, 0.00018191314302384853]"
38,2,2,"[0.14567330479621887, 0.14603455364704132, 0.529721736907959, 0.04773047938942909, 0.06272619962692261, 0.06792067736387253, 0.00019307203183416277]"
39,1,5,"[0.056941814720630646, 0.19791080057621002, 0.287657231092453, 0.033307235687971115, 0.051823366433382034, 0.37200841307640076, 0.00035111160832457244]"
40,5,5,"[0.0008946519810706377, 0.003530381480231881, 0.024886948987841606, 0.0006751394248567522, 0.15246011316776276, 0.8161829113960266, 0.0013697949470952153]"
41,5,5,"[3.734674464794807e-05, 0.00012181918282294646, 0.007236059755086899, 0.000136872025905177, 0.0033811486791819334, 0.9890682101249695, 1.8517732314649038e-05]"
42,5,5,"[1.5666393665014766e-05, 9.5787261670921e-05, 0.00174766278360039, 0.00013311304792296141, 0.0005478984676301479, 0.997379720211029, 8.001652895472944e-05]"
43,5,5,"[9.176066669169813e-06, 6.640683568548411e-05, 0.0018742408137768507, 0.0001053520682035014, 0.0007546595297753811, 0.9970778226852417, 0.00011241267930017784]"
44,5,5,"[5.19843670190312e-05, 0.00027956077246926725, 0.002083063358440995, 0.0006517925066873431, 0.00015365457511506975, 0.9966773986816406, 0.00010247820318909362]"
45,1,2,"[0.026812855154275894, 0.06640912592411041, 0.6591088771820068, 0.02244860865175724, 0.0652587041258812, 0.15988598763942719, 7.585456478409469e-05]"
46,5,5,"[7.145519339246675e-05, 0.00024992506951093674, 0.001901923562400043, 0.0010940848151221871, 0.00024466979084536433, 0.9963086247444153, 0.00012930217781104147]"
47,5,5,"[0.0038370878901332617, 0.02169852890074253, 0.03320084884762764, 0.0015029318165034056, 0.13928984105587006, 0.7938743233680725, 0.006596423219889402]"
48,5,5,"[8.172689558705315e-05, 0.0004318410356063396, 0.0017702601617202163, 0.0012169668916612864, 0.00017139135161414742, 0.9960967898368835, 0.00023098221572581679]"
49,5,5,"[0.03036920353770256, 0.04509107396006584, 0.3812452554702759, 0.016831450164318085, 0.10776570439338684, 0.4186522960662842, 4.49396793555934e-05]"
50,5,5,"[0.0005829590954817832, 0.0012234564637765288, 0.004675163887441158, 0.0055975522845983505, 0.0002014305064221844, 0.9874940514564514, 0.00022546864056494087]"
51,5,5,"[0.0027797678485512733, 0.005859529599547386, 0.025941649451851845, 0.0007920139469206333, 0.26899048686027527, 0.6933714151382446, 0.0022651623003184795]"
52,5,5,"[4.18872878071852e-05, 0.00022953971347305924, 0.0020916860084980726, 0.0005230635870248079, 0.0001807975786505267, 0.9968769550323486, 5.591508306679316e-05]"
53,5,5,"[0.0012485659681260586, 0.0038222335278987885, 0.09021072834730148, 0.0018345329444855452, 0.01992654800415039, 0.882946789264679, 1.0629117241478525e-05]"
54,5,4,"[0.0015391276683658361, 0.002898997627198696, 0.1366618573665619, 0.0010994730982929468, 0.5571367740631104, 0.3002038896083832, 0.00045990399667061865]"
55,2,4,"[0.002009063260629773, 0.002006608061492443, 0.08677417039871216, 0.0005858509102836251, 0.4631625711917877, 0.4452705681324005, 0.00019117738702334464]"
56,3,2,"[0.04001582786440849, 0.21216098964214325, 0.4278671145439148, 0.046794742345809937, 0.13617441058158875, 0.13500379025936127, 0.0019830872770398855]"
57,2,2,"[0.18501445651054382, 0.08605644106864929, 0.5277450680732727, 0.037590544670820236, 0.1284080296754837, 0.035072069615125656, 0.00011338769400026649]"
58,5,5,"[2.2347761841956526e-05, 0.00012897107808385044, 0.0011234492994844913, 0.00028269580798223615, 0.00023927006986923516, 0.9979789853096008, 0.00022437484585680068]"
59,5,5,"[0.01576288416981697, 0.10314410924911499, 0.1866883933544159, 0.03232506290078163, 0.05980336666107178, 0.5983521342277527, 0.003923995420336723]"
60,5,5,"[0.00012063953909091651, 0.00034934200812131166, 0.005893460474908352, 0.0012842359719797969, 0.00033777643693611026, 0.9919914603233337, 2.3114815121516585e-05]"
61,5,5,"[0.0004454897134564817, 0.004007290117442608, 0.01404804177582264, 0.0006691960734315217, 0.02163037098944187, 0.957602322101593, 0.0015972964465618134]"
62,0,2,"[0.13645710051059723, 0.14126041531562805, 0.5946366190910339, 0.08982299268245697, 0.014021606184542179, 0.023590924218297005, 0.0002103578590322286]"
63,5,5,"[0.000589634757488966, 0.0020352937281131744, 0.033161405473947525, 0.0007493727025575936, 0.06319144368171692, 0.9002186059951782, 5.42380366823636e-05]"
64,5,4,"[0.0010190554894506931, 0.002999877091497183, 0.17090442776679993, 0.0013460649643093348, 0.4216669201850891, 0.40159815549850464, 0.00046545363147743046]"
65,5,5,"[0.014478071592748165, 0.07135653495788574, 0.08497703820466995, 0.00588094349950552, 0.021182095631957054, 0.801454484462738, 0.0006708406144753098]"
66,4,5,"[0.0008688480593264103, 0.0035213541705161333, 0.07340200990438461, 0.0007571920286864042, 0.2163742184638977, 0.7046948075294495, 0.00038151387707330287]"
67,5,5,"[0.00018404849106445909, 0.0004724209720734507, 0.013073141686618328, 0.00014204705075826496, 0.12103661149740219, 0.8643077611923218, 0.0007839718600735068]"
68,4,5,"[0.0256862360984087, 0.018210014328360558, 0.1655653864145279, 0.007246474269777536, 0.3519965708255768, 0.43117624521255493, 0.00011909731983905658]"
69,5,5,"[0.0005070528131909668, 0.0029979953542351723, 0.016187885776162148, 0.0004733086097985506, 0.03292897343635559, 0.9466177225112915, 0.0002870976459234953]"
70,5,5,"[8.046488073887303e-05, 0.00021630727860610932, 0.003034361870959401, 0.00046020952868275344, 0.000516804400831461, 0.9956784844398499, 1.3442798262985889e-05]"
71,5,5,"[7.670477498322725e-05, 0.00026395710301585495, 0.003913683816790581, 0.0007543410174548626, 0.00031547510297968984, 0.9946596026420593, 1.6196137949009426e-05]"
72,1,1,"[0.21916145086288452, 0.57016921043396, 0.0758608803153038, 0.10408254712820053, 0.010365787893533707, 0.017031989991664886, 0.0033281471114605665]"
73,3,5,"[0.003212526673451066, 0.013884150423109531, 0.007540310267359018, 0.03358447551727295, 0.00018180850020144135, 0.9372455477714539, 0.0043512680567801]"
74,4,2,"[0.06972159445285797, 0.05800287052989006, 0.4120362401008606, 0.022748855873942375, 0.3015592098236084, 0.135789692401886, 0.00014147133333608508]"
75,5,5,"[5.334222441888414e-05, 0.0002169084473280236, 0.0016746973851695657, 0.0006735495408065617, 0.00017373422451782972, 0.9971030354499817, 0.00010459707846166566]"
76,5,5,"[0.00025049110990948975, 0.0004541311354842037, 0.023601045832037926, 0.0002499611000530422, 0.311014324426651, 0.660742461681366, 0.0036876159720122814]"
77,4,5,"[0.0010845697252079844, 0.005949095822870731, 0.17369268834590912, 0.0013623324921354651, 0.36310580372810364, 0.4529430568218231, 0.0018623977666720748]"
78,5,5,"[8.678790618432686e-05, 0.00028673119959421456, 0.0023760730400681496, 0.0010769511573016644, 0.00022169826843310148, 0.9959036707878113, 4.812477345694788e-05]"
79,5,5,"[2.438922274450306e-05, 0.00011823380191344768, 0.002486876444891095, 0.00021142439800314605, 0.0003672283492051065, 0.9967600703239441, 3.1888146622804925e-05]"
80,5,5,"[3.0418585083680227e-05, 0.0001544880506116897, 0.0009197394247166812, 0.00028125738026574254, 0.0002328656701138243, 0.9981826543807983, 0.0001985891576623544]"
81,5,4,"[0.00032934953924268484, 0.0009346609585918486, 0.03104657121002674, 0.000224405899643898, 0.5380238890647888, 0.4250536859035492, 0.004387359134852886]"
82,5,5,"[7.24922283552587e-05, 0.0002575090038590133, 0.0025343040470033884, 0.0007105848635546863, 0.00023005905677564442, 0.9961620569229126, 3.307794395368546e-05]"
83,5,2,"[0.10914728790521622, 0.3150191307067871, 0.3971860706806183, 0.05432986095547676, 0.03023100085556507, 0.09354725480079651, 0.0005393783794716001]"
84,5,5,"[5.3531632147496566e-05, 0.00016011737170629203, 0.006809741258621216, 0.0003387749311514199, 0.0009283247636631131, 0.9916973114013672, 1.2152399904152844e-05]"
85,5,5,"[0.0005770490970462561, 0.0037843817844986916, 0.0021477588452398777, 0.00863613747060299, 0.00014132095384411514, 0.980826735496521, 0.0038866361137479544]"
86,4,4,"[0.017785867676138878, 0.03087185136973858, 0.3739863932132721, 0.007983600720763206, 0.4106791615486145, 0.15838193893432617, 0.0003112770791631192]"
87,5,4,"[0.00048122170846909285, 0.0008750387351028621, 0.02865992859005928, 0.0002877149381674826, 0.71571284532547, 0.2493758201599121, 0.0046074967831373215]"
88,5,5,"[4.330022420617752e-05, 0.00019423553021624684, 0.00127804942894727, 0.0006073867552913725, 0.00019974693714175373, 0.9975340366363525, 0.0001432377757737413]"
89,5,4,"[0.005731937009841204, 0.016881613060832024, 0.16537971794605255, 0.0029335259459912777, 0.6339123845100403, 0.17168255150318146, 0.0034783463925123215]"
90,5,5,"[0.008579086512327194, 0.07318302243947983, 0.21775251626968384, 0.018097713589668274, 0.042918380349874496, 0.6392227411270142, 0.0002465464058332145]"
91,5,5,"[2.9094659112161025e-05, 0.000124066966236569, 0.001764218439348042, 0.0002897207159548998, 0.00029166904278099537, 0.9974587559700012, 4.2517702240729704e-05]"
92,1,2,"[0.010393071919679642, 0.032158028334379196, 0.7602566480636597, 0.02719547227025032, 0.014519063755869865, 0.15545596182346344, 2.1737991119152866e-05]"
93,5,5,"[0.0033797144424170256, 0.022370988503098488, 0.12105848640203476, 0.0029453395400196314, 0.17705118656158447, 0.6717782616615295, 0.0014160677092149854]"
94,5,5,"[0.0027697430923581123, 0.004144519567489624, 0.11763853579759598, 0.001373580191284418, 0.21228453516960144, 0.6617286205291748, 6.045390182407573e-05]"
95,5,5,"[0.004754004068672657, 0.13673974573612213, 0.022186998277902603, 0.011976378969848156, 0.05049614980816841, 0.4307757318019867, 0.34307101368904114]"
96,4,5,"[0.0051521919667720795, 0.005895446520298719, 0.09231211990118027, 0.0018306296551600099, 0.15069763362407684, 0.7440491914749146, 6.276304338825867e-05]"
97,5,5,"[0.0007308315252885222, 0.0053528957068920135, 0.039314430207014084, 0.0008230229723267257, 0.022284310311079025, 0.9313837885856628, 0.00011068685125792399]"
98,5,5,"[0.09754947572946548, 0.19104182720184326, 0.2553073465824127, 0.04271002858877182, 0.1035889983177185, 0.309285432100296, 0.000516883097589016]"
99,5,5,"[1.4119906154519413e-05, 8.50056967465207e-05, 0.001338775735348463, 0.000118831085273996, 0.000512340571731329, 0.9978479146957397, 8.301848720293492e-05]"
100,4,4,"[0.0016530664870515466, 0.0010883603245019913, 0.040093038231134415, 0.0004529548459686339, 0.8019129633903503, 0.15429382026195526, 0.0005058021051809192]"
101,5,2,"[0.0776633769273758, 0.09277379512786865, 0.4633542597293854, 0.02725750394165516, 0.0934637188911438, 0.2454124391078949, 7.487423863494769e-05]"
102,5,5,"[0.006002453621476889, 0.05615326762199402, 0.15149712562561035, 0.007946159690618515, 0.2824278473854065, 0.4846733510494232, 0.011299760080873966]"
103,5,5,"[0.0006194834713824093, 0.0012363661080598831, 0.013549732975661755, 0.0049155340529978275, 0.0003514774434734136, 0.9793019890785217, 2.5332708901260048e-05]"
104,5,2,"[0.01689525879919529, 0.09285113960504532, 0.576537013053894, 0.05094867944717407, 0.04021068662405014, 0.2223074585199356, 0.0002497284731362015]"
105,2,5,"[0.005465054884552956, 0.007442313712090254, 0.33532992005348206, 0.003341028466820717, 0.24476704001426697, 0.40362346172332764, 3.123966962448321e-05]"
106,5,5,"[0.0014356613392010331, 0.0039534117095172405, 0.09282713383436203, 0.0009778485400602221, 0.4146251678466797, 0.4856833517551422, 0.0004975085612386465]"
107,5,5,"[2.9534618079196662e-05, 0.00016011230763979256, 0.002798194531351328, 0.0004308708885218948, 0.00025457071023993194, 0.996269941329956, 5.6715314713073894e-05]"
108,5,5,"[0.0008316003950312734, 0.0031904459465295076, 0.0709386020898819, 0.0006343773566186428, 0.08233186602592468, 0.8420015573501587, 7.160892710089684e-05]"
109,5,5,"[0.0023852430749684572, 0.015201508067548275, 0.060516782104969025, 0.001993499929085374, 0.06672520190477371, 0.8527216911315918, 0.00045605149352923036]"
110,5,5,"[2.5421075406484306e-05, 0.00016217846132349223, 0.0012405947782099247, 0.00046015731641091406, 0.00020058077643625438, 0.9976063966751099, 0.0003046989149879664]"
111,3,0,"[0.37242698669433594, 0.322276771068573, 0.1633320152759552, 0.05975761637091637, 0.03594277426600456, 0.0451427698135376, 0.0011210244847461581]"
112,5,5,"[0.00011008708679582924, 0.000358022894943133, 0.0031369326170533895, 0.0012448113411664963, 0.00020821383805014193, 0.9948851466178894, 5.678845627699047e-05]"
113,5,5,"[0.0010304913157597184, 0.0017191645456478, 0.12475170195102692, 0.0006749637541361153, 0.362876832485199, 0.5088438391685486, 0.0001030276544042863]"
114,1,1,"[0.11323089152574539, 0.6234822273254395, 0.05117155611515045, 0.0941430926322937, 0.0012693691533058882, 0.11048964411020279, 0.00621322775259614]"
115,5,5,"[0.00019475228327792138, 0.000576198217459023, 0.010987910442054272, 0.00033008449827320874, 0.00378585048019886, 0.98411625623703, 8.873210390447639e-06]"
116,5,5,"[5.460319880512543e-05, 8.533248183084652e-05, 0.007603842299431562, 0.00011149796773679554, 0.01773630641400814, 0.9743565917015076, 5.17926127940882e-05]"
117,5,1,"[0.049889013171195984, 0.5975876450538635, 0.027721179649233818, 0.11406785994768143, 0.006485254969447851, 0.18214616179466248, 0.022102849557995796]"
118,2,5,"[7.853960414649919e-05, 0.00044982193503528833, 0.001518247532658279, 0.0016725006280466914, 0.00017768258112482727, 0.9956308603286743, 0.000472260668175295]"
119,5,5,"[0.00030247613904066384, 0.0010334408143535256, 0.0025261081755161285, 0.004551115911453962, 0.00015929450455587357, 0.9907209873199463, 0.0007066756370477378]"
120,4,4,"[0.0013467947719618678, 0.0017455100314691663, 0.10437627881765366, 0.0011607151245698333, 0.5656380653381348, 0.32495278120040894, 0.0007798359729349613]"
121,5,5,"[0.00036909012123942375, 0.0012842461001127958, 0.008246174082159996, 0.004703319165855646, 0.0003513716801535338, 0.9849159717559814, 0.00012984781642444432]"
122,5,5,"[2.3629463612451218e-05, 0.00012940798478666693, 0.001142019871622324, 0.0003313877386972308, 0.00023857881024014205, 0.99793541431427, 0.0001995422353502363]"
123,5,5,"[1.8601820556796156e-05, 3.927181751350872e-05, 0.0026864686515182257, 7.267511682584882e-05, 0.008193032816052437, 0.9888181090354919, 0.00017178518464788795]"
124,5,5,"[5.577460615313612e-05, 0.00026898569194599986, 0.003323531011119485, 0.0006674891337752342, 0.00018438271945342422, 0.9954437017440796, 5.6130680604837835e-05]"
125,4,5,"[0.0010657793609425426, 0.004839473403990269, 0.030993444845080376, 0.0011701255571097136, 0.07026330381631851, 0.8914304971694946, 0.00023736024741083384]"
126,5,5,"[0.0008609726210124791, 0.005785751156508923, 0.005186296068131924, 0.010422912426292896, 0.00011184230970684439, 0.9762730002403259, 0.0013592173345386982]"
127,2,2,"[0.03226511552929878, 0.0339944064617157, 0.6756592392921448, 0.014648906886577606, 0.11567417532205582, 0.1277237832546234, 3.433402889641002e-05]"
128,4,4,"[0.008149993605911732, 0.01974664442241192, 0.17917373776435852, 0.004866340197622776, 0.638024628162384, 0.14640121161937714, 0.003637450747191906]"
129,5,5,"[7.052150613162667e-05, 0.000270370626822114, 0.0026573645882308483, 0.0009723128168843687, 0.00020360026974231005, 0.9957646131515503, 6.117025623098016e-05]"
130,4,5,"[0.002530040917918086, 0.0059905690141022205, 0.08279522508382797, 0.0009622662328183651, 0.34202665090560913, 0.5652155876159668, 0.0004796519933734089]"
131,2,4,"[0.0007657664828002453, 0.0020275984425097704, 0.017911123111844063, 0.0003331952611915767, 0.6445723176002502, 0.30916568636894226, 0.02522430196404457]"
132,1,2,"[0.028863612562417984, 0.11011795699596405, 0.703380286693573, 0.042486920952796936, 0.020751576870679855, 0.09427402168512344, 0.00012567492376547307]"
133,5,5,"[0.002780237700790167, 0.008306373842060566, 0.18637287616729736, 0.0028030425310134888, 0.18374484777450562, 0.6158087849617004, 0.00018390420882496983]"
134,5,5,"[0.0016798285068944097, 0.0033411551266908646, 0.02168789505958557, 0.0007736135739833117, 0.04441174119710922, 0.9279173016548157, 0.00018840016855392605]"
135,5,5,"[5.43750575161539e-05, 0.000511816528160125, 0.0006901907036080956, 0.0008581779547967017, 0.00019682047422975302, 0.9950947761535645, 0.0025938935577869415]"
136,5,5,"[0.00010844987991731614, 0.000238202657783404, 0.0033991807140409946, 0.0008803544915281236, 0.0003350161132402718, 0.995015561580658, 2.325326386198867e-05]"
137,4,4,"[0.0012678822968155146, 0.0025852369144558907, 0.07647796720266342, 0.0006387222674675286, 0.6289454698562622, 0.2887957692146301, 0.001289009815081954]"
138,5,5,"[0.0008101271232590079, 0.0028564187232404947, 0.016520336270332336, 0.00044799005263485014, 0.07248012721538544, 0.9065028429031372, 0.00038204522570595145]"
139,2,5,"[0.0010306618642061949, 0.002733879955485463, 0.24483893811702728, 0.002131070476025343, 0.2698902189731598, 0.47906357049942017, 0.00031160758226178586]"
140,4,4,"[0.013747834600508213, 0.09106921404600143, 0.039667434990406036, 0.010870001278817654, 0.40469425916671753, 0.32791656255722046, 0.1120346337556839]"
141,5,5,"[6.208286504261196e-05, 0.00024473428493365645, 0.001996099716052413, 0.0008406001143157482, 0.00021394793293438852, 0.9965381622314453, 0.00010440919868415222]"
142,5,5,"[8.34227612358518e-05, 0.0002644697669893503, 0.00474952906370163, 0.0004693486262112856, 0.0006570255500264466, 0.9937537312507629, 2.2590713342651725e-05]"
143,2,5,"[0.002147436374798417, 0.005929537117481232, 0.4069787263870239, 0.002513020997866988, 0.14154650270938873, 0.4408529996871948, 3.180381463607773e-05]"
144,5,5,"[0.00022530237038154155, 0.0035118800587952137, 0.01823565550148487, 0.0006610357668250799, 0.03348923102021217, 0.9399555325508118, 0.00392138259485364]"
145,2,2,"[0.0986223816871643, 0.06350196152925491, 0.7152248024940491, 0.040082965046167374, 0.051188498735427856, 0.031291935592889786, 8.744175283936784e-05]"
146,5,5,"[0.0054155983962118626, 0.006613667123019695, 0.0756518691778183, 0.0017675441922619939, 0.08132704347372055, 0.8291680216789246, 5.6304179452126846e-05]"
147,5,5,"[0.00011919697135454044, 0.00039168368675746024, 0.012854773551225662, 0.00042712464346550405, 0.005375232081860304, 0.9807588458061218, 7.313989772228524e-05]"
148,5,5,"[0.0005794369499199092, 0.0021650006528943777, 0.029671592637896538, 0.00035362824564799666, 0.19051125645637512, 0.7739823460578918, 0.002736658090725541]"
149,5,5,"[3.387356628081761e-05, 0.000141386131872423, 0.001592294662259519, 0.00045969372149556875, 0.0002298638573847711, 0.9974756836891174, 6.714256596751511e-05]"
150,5,5,"[0.00031469541136175394, 0.0010212480556219816, 0.020034482702612877, 0.00023324546054936945, 0.25128719210624695, 0.7218706607818604, 0.005238497629761696]"
151,5,5,"[4.275350147509016e-05, 0.0002555508981458843, 0.001296033849939704, 0.0006552136619575322, 0.0002310174604644999, 0.9971098303794861, 0.00040964718209579587]"
152,5,5,"[4.444706064532511e-05, 0.0001619200484128669, 0.002204818883910775, 0.0006511204992420971, 0.00026589108165353537, 0.9966049194335938, 6.681297963950783e-05]"
153,5,5,"[0.00010615737119223922, 0.00028391307569108903, 0.003311057109385729, 0.001194559852592647, 0.0003051656240131706, 0.9947657585144043, 3.346607627463527e-05]"
154,4,5,"[0.0020708399824798107, 0.006091551389545202, 0.11064081639051437, 0.000819343258626759, 0.1772521287202835, 0.7028532028198242, 0.00027204197249375284]"
155,5,5,"[0.016510913148522377, 0.037447039037942886, 0.08207754790782928, 0.022222377359867096, 0.0025849188677966595, 0.8390727639198303, 8.437057840637863e-05]"
156,5,5,"[1.2457263437681831e-05, 5.107126708026044e-05, 0.0010919295018538833, 0.00012601180060300976, 0.0005573889939114451, 0.9980568289756775, 0.00010434637806611136]"
157,5,5,"[0.00018111644021701068, 0.001531247515231371, 0.01981554739177227, 0.0002404616679996252, 0.09208423644304276, 0.8830397129058838, 0.0031077852472662926]"
158,4,2,"[0.08853640407323837, 0.09898262470960617, 0.5485557913780212, 0.0402127280831337, 0.09085425734519958, 0.13280394673347473, 5.428141594165936e-05]"
159,2,2,"[0.016387447714805603, 0.059475477784872055, 0.7879147529602051, 0.03398257493972778, 0.009961201809346676, 0.09223466366529465, 4.386953514767811e-05]"
160,5,5,"[5.485345536726527e-05, 0.00023402208171319216, 0.001644701580516994, 0.0006933058612048626, 0.00017620829748921096, 0.9971078038215637, 8.904044079827145e-05]"
161,1,1,"[0.20167823135852814, 0.5418511629104614, 0.09561952203512192, 0.0892033651471138, 0.004947934299707413, 0.06523149460554123, 0.0014682905748486519]"
162,5,5,"[0.0029547044541686773, 0.013287764973938465, 0.01109851710498333, 0.0010113775497302413, 0.16519302129745483, 0.7059633731842041, 0.10049118101596832]"
163,2,5,"[0.002655321964994073, 0.016305962577462196, 0.40164151787757874, 0.007732090074568987, 0.11435303092002869, 0.4569832384586334, 0.0003288528823759407]"
164,5,2,"[0.05579821392893791, 0.22526204586029053, 0.38963109254837036, 0.06848976761102676, 0.050277918577194214, 0.2097397893667221, 0.000801212852820754]"
165,2,2,"[0.03989680856466293, 0.13518811762332916, 0.3930959105491638, 0.023221297189593315, 0.04601757600903511, 0.36241963505744934, 0.00016065812087617815]"
166,5,5,"[0.0009828760521486402, 0.001731216092593968, 0.09090063720941544, 0.0006390709313564003, 0.19030813872814178, 0.715394914150238, 4.3109754187753424e-05]"
167,5,5,"[0.00034103449434041977, 0.0003183332737535238, 0.05060689523816109, 0.00024031128850765526, 0.27665624022483826, 0.6715759038925171, 0.0002613360993564129]"
168,0,2,"[0.30992016196250916, 0.1372731328010559, 0.3287106156349182, 0.036557525396347046, 0.13313457369804382, 0.05386963114142418, 0.0005343781667761505]"
169,1,1,"[0.1777651458978653, 0.29506468772888184, 0.24677155911922455, 0.049868158996105194, 0.025794096291065216, 0.20445288717746735, 0.00028340649441815913]"
170,4,5,"[0.004585782065987587, 0.007051809225231409, 0.21923260390758514, 0.002202809089794755, 0.2594878077507019, 0.5073660612106323, 7.316682604141533e-05]"
171,5,5,"[0.00096072384621948, 0.0025002348702400923, 0.00449051707983017, 0.009589312598109245, 0.00018794710922520608, 0.9816084504127502, 0.0006628856062889099]"
172,5,5,"[3.732847108040005e-05, 0.00024320663942489773, 0.0018779068486765027, 0.0005178244318813086, 0.00015503284521400928, 0.997005045413971, 0.00016364833572879434]"
173,5,5,"[1.7397329429513775e-05, 0.00010517679038457572, 0.0010259380796924233, 0.00016910939302761108, 0.00027414318174123764, 0.9982376098632812, 0.0001705947652226314]"
174,5,5,"[1.7212356397067197e-05, 7.506514521082863e-05, 0.002578065963461995, 0.00018346913566347212, 0.0005183003377169371, 0.9965954422950745, 3.243541141273454e-05]"
175,6,1,"[0.15207317471504211, 0.34897711873054504, 0.0540945827960968, 0.043698087334632874, 0.08418476581573486, 0.3109894096851349, 0.005982850678265095]"
176,5,5,"[1.6970607248367742e-05, 7.42516276659444e-05, 0.0011217149440199137, 0.00021500076400116086, 0.00037903664633631706, 0.9981098175048828, 8.318628533743322e-05]"
177,4,2,"[0.03038838319480419, 0.016205918043851852, 0.3617090582847595, 0.008263728581368923, 0.360083669424057, 0.22330129146575928, 4.790166349266656e-05]"
178,2,2,"[0.013871591538190842, 0.07160735130310059, 0.6078658699989319, 0.01628623716533184, 0.15797698497772217, 0.13141606748104095, 0.0009758957312442362]"
179,1,5,"[0.006131017580628395, 0.028065001592040062, 0.22463136911392212, 0.0051689138635993, 0.17675164341926575, 0.5589379072189331, 0.00031413717078976333]"
180,5,5,"[3.709536395035684e-05, 0.00021272811864037067, 0.001687654061242938, 0.0005342325894162059, 0.00020891422173008323, 0.9971831440925598, 0.00013619546371046454]"
181,5,5,"[3.135472070425749e-05, 0.00014088601164985448, 0.0010899538174271584, 0.00034371967194601893, 0.00023933997726999223, 0.9980297684669495, 0.00012495815462898463]"
182,2,2,"[0.18799854815006256, 0.2425800859928131, 0.24631854891777039, 0.23223483562469482, 0.003889396321028471, 0.0821174681186676, 0.004861108958721161]"
183,5,1,"[0.17115409672260284, 0.5091644525527954, 0.08960273861885071, 0.08155213296413422, 0.006458374671638012, 0.14128543436527252, 0.0007827413501217961]"
184,5,5,"[0.00022845854982733727, 0.0008356029284186661, 0.004208069760352373, 0.0031997691839933395, 0.00016600736125838012, 0.9912489652633667, 0.00011311761772958562]"
185,5,5,"[0.0003504970227368176, 0.001357866800390184, 0.09361638128757477, 0.0005838678916916251, 0.035417214035987854, 0.8686619997024536, 1.222357514052419e-05]"
186,5,5,"[5.511056588147767e-05, 0.00013273206423036754, 0.003258366836234927, 0.0002380430232733488, 0.001075235428288579, 0.9952281713485718, 1.235531090060249e-05]"
187,2,2,"[0.16811330616474152, 0.16767048835754395, 0.4922923147678375, 0.0491374135017395, 0.06878091394901276, 0.05369727686047554, 0.0003083115734625608]"
188,2,5,"[0.00867504347115755, 0.06468511372804642, 0.2529188096523285, 0.01718943752348423, 0.043654292821884155, 0.6126492619514465, 0.00022806157357990742]"
189,0,2,"[0.05125562474131584, 0.124222032725811, 0.43231087923049927, 0.04370536282658577, 0.19007427990436554, 0.1578565090894699, 0.0005753388395532966]"
190,5,5,"[9.310520545113832e-05, 0.000388679385650903, 0.0023218770511448383, 0.0014552304055541754, 0.00015272828750312328, 0.9954534769058228, 0.00013498598127625883]"
191,4,5,"[0.00030004189466126263, 0.0007087907288223505, 0.035699449479579926, 0.0002501913986634463, 0.3336617350578308, 0.6288747191429138, 0.0005050856270827353]"
192,2,2,"[0.007453359663486481, 0.024446072056889534, 0.5666865706443787, 0.008801564574241638, 0.19849786162376404, 0.19397513568401337, 0.00013943550584372133]"
193,5,5,"[0.0001776677236193791, 0.0005084307631477714, 0.018171759322285652, 0.0002829758741427213, 0.044296205043792725, 0.9362199902534485, 0.0003429885837249458]"
194,4,5,"[0.0023746457882225513, 0.011390991508960724, 0.09914567321538925, 0.002147097373381257, 0.05849472060799599, 0.8263577818870544, 8.9173590822611e-05]"
195,5,1,"[0.07544955611228943, 0.695637583732605, 0.060373976826667786, 0.10659248381853104, 0.004230685997754335, 0.034054528921842575, 0.023661192506551743]"
196,5,5,"[0.10074879974126816, 0.039637867361307144, 0.1486724466085434, 0.11848317086696625, 0.004196458961814642, 0.587700605392456, 0.0005607014172710478]"
197,5,5,"[0.0003247365530114621, 0.0009048280771821737, 0.0849485844373703, 0.0004441169439814985, 0.08160517364740372, 0.8317471146583557, 2.539357046771329e-05]"
198,5,5,"[2.3349775801762007e-05, 9.022230369737372e-05, 0.001325948047451675, 0.00022012967383489013, 0.00033352585160173476, 0.9979483485221863, 5.8614394220057875e-05]"
199,0,1,"[0.04037871211767197, 0.507979154586792, 0.021519755944609642, 0.09874497354030609, 0.009617120027542114, 0.04694641754031181, 0.2748138904571533]"
200,5,5,"[0.0018531407695263624, 0.012140625156462193, 0.025908337906003, 0.0014909588498994708, 0.032253947108983994, 0.9256934523582458, 0.0006595753948204219]"
201,5,5,"[0.0006794857326894999, 0.001666932599619031, 0.05924507975578308, 0.0005007528816349804, 0.0992303416132927, 0.838640570640564, 3.675654807011597e-05]"
202,5,1,"[0.14073026180267334, 0.6570805907249451, 0.08653181046247482, 0.07150087505578995, 0.004227652680128813, 0.03529908135533333, 0.00462973490357399]"
203,5,5,"[0.0013843196211382747, 0.002805677242577076, 0.1536760777235031, 0.0011047314619645476, 0.12717990577220917, 0.7138215899467468, 2.7766549465013668e-05]"
204,2,5,"[1.997013714571949e-05, 8.926843293011189e-05, 0.0016528258565813303, 0.00011825896217487752, 0.000866530230268836, 0.9971386194229126, 0.00011451158934505656]"
205,5,5,"[2.9444661777233705e-05, 0.00013409272651188076, 0.0025239072274416685, 0.00026064779376611114, 0.00034186142147518694, 0.9966855645179749, 2.441388278384693e-05]"
206,5,2,"[0.028968047350645065, 0.11887919902801514, 0.43574658036231995, 0.021569950506091118, 0.12165672332048416, 0.272702693939209, 0.00047686617472209036]"
207,5,5,"[2.543826849432662e-05, 0.00011590648500714451, 0.0030721963848918676, 0.00032065436244010925, 0.0003347420133650303, 0.996099591255188, 3.1515166483586654e-05]"
208,5,5,"[5.555925963562913e-05, 0.00016892301209736615, 0.005312664434313774, 0.00042579209548421204, 0.0005736736347898841, 0.993451714515686, 1.1766669558710419e-05]"
209,4,6,"[0.0005523835425265133, 0.004699838813394308, 0.0018688159761950374, 0.0010267309844493866, 0.018266107887029648, 0.09172055870294571, 0.8818655014038086]"
210,4,5,"[0.0005904693389311433, 0.003700999543070793, 0.013406896032392979, 0.0013177469372749329, 0.11043557524681091, 0.7910804152488708, 0.07946796715259552]"
211,5,4,"[0.007223948370665312, 0.01759851537644863, 0.09722918272018433, 0.003468629438430071, 0.49433133006095886, 0.3772048056125641, 0.002943529514595866]"
212,5,5,"[0.0032562396954745054, 0.006838796194642782, 0.04002373665571213, 0.010124373249709606, 0.0018824824364855886, 0.9378462433815002, 2.809098623401951e-05]"
213,5,5,"[2.997995397890918e-05, 0.00016441007028333843, 0.001108734868466854, 0.00037296939990483224, 0.00020691593817900866, 0.9978871941566467, 0.0002298464096384123]"
214,1,1,"[0.0967092216014862, 0.7034652233123779, 0.0438699908554554, 0.0842219665646553, 0.004935659002512693, 0.05811668932437897, 0.008681264705955982]"
215,0,5,"[0.13135066628456116, 0.2783094048500061, 0.13554926216602325, 0.048632748425006866, 0.10952644050121307, 0.2953203618526459, 0.0013111060252413154]"
216,5,5,"[0.00042507454054430127, 0.001254845759831369, 0.023508308455348015, 0.0002105570601997897, 0.21050094068050385, 0.7598735690116882, 0.004226748365908861]"
217,5,5,"[0.0002821949892677367, 0.0008275869186036289, 0.009980615228414536, 0.0028318269178271294, 0.00034301477717235684, 0.9857171773910522, 1.7606920664547943e-05]"
218,6,5,"[0.015362058766186237, 0.37056764960289, 0.04742485284805298, 0.057676248252391815, 0.025776537135243416, 0.4082592725753784, 0.07493338733911514]"
219,5,5,"[5.9077578043797985e-05, 0.0002763635420706123, 0.002195801120251417, 0.0009426023461855948, 0.0001882018696051091, 0.99628084897995, 5.702823182218708e-05]"
220,5,5,"[0.00013642234262079, 0.0004347585199866444, 0.022711345925927162, 0.00013879709877073765, 0.09265730530023575, 0.8838128447532654, 0.00010858565656235442]"
221,2,2,"[0.06458919495344162, 0.27706223726272583, 0.4013860821723938, 0.08293009549379349, 0.030123142525553703, 0.1433553397655487, 0.0005538974655792117]"
222,2,5,"[0.0024744458496570587, 0.0070315757766366005, 0.3179169297218323, 0.002636101795360446, 0.15191063284873962, 0.5179890990257263, 4.116360651096329e-05]"
223,5,5,"[3.872780143865384e-05, 0.00017862374079413712, 0.0023913816548883915, 0.00036438784445635974, 0.00023802997020538896, 0.9967569708824158, 3.1824649340705946e-05]"
224,5,5,"[0.0001678271364653483, 0.0007053761510178447, 0.007030725944787264, 0.0019782481249421835, 0.0002048207534244284, 0.9898837804794312, 2.9217155315564014e-05]"
225,5,5,"[4.483821976464242e-05, 0.0002654726558830589, 0.001740212319418788, 0.0006721741519868374, 0.0001588057348271832, 0.9969714879989624, 0.00014696951257064939]"
226,5,5,"[0.00012763886479660869, 0.0005784863024018705, 0.0027199448086321354, 0.001058687106706202, 0.000213718565646559, 0.995213508605957, 8.790965512162074e-05]"
227,5,1,"[0.12825743854045868, 0.31107786297798157, 0.2962804436683655, 0.0736156776547432, 0.1228279173374176, 0.06683940440416336, 0.0011012707836925983]"
228,5,5,"[0.0021449262276291847, 0.0019897851161658764, 0.05391126871109009, 0.0009111554827541113, 0.07588077336549759, 0.8651360273361206, 2.5981988073908724e-05]"
229,5,5,"[0.00025986225227825344, 0.0007852199487388134, 0.024322345852851868, 0.00036300081410445273, 0.3470814824104309, 0.5959251523017883, 0.03126295283436775]"
230,5,5,"[0.00022814811381977051, 0.0009162909700535238, 0.09012806415557861, 0.0002582206216175109, 0.2121351659297943, 0.6961337327957153, 0.0002003463014261797]"
231,5,5,"[4.649445691029541e-05, 0.00023616045655217022, 0.002039714250713587, 0.0006368781323544681, 0.00017381722864229232, 0.9967578053474426, 0.00010904125520028174]"
232,5,5,"[0.00012604538642335683, 0.0006302548572421074, 0.009005519561469555, 0.0008041333639994264, 0.0005483009153977036, 0.9888416528701782, 4.397676821099594e-05]"
233,5,5,"[0.0012371664633974433, 0.0018820920959115028, 0.0947374626994133, 0.0008571889484301209, 0.3674238920211792, 0.5337451100349426, 0.00011706483201123774]"
234,4,2,"[0.009891304187476635, 0.022405358031392097, 0.6091616749763489, 0.01051589846611023, 0.08400963246822357, 0.2639918327331543, 2.4235951059381478e-05]"
235,2,5,"[0.007927772589027882, 0.0226821880787611, 0.34373539686203003, 0.00813818909227848, 0.1022551879286766, 0.5152137279510498, 4.7560308303218335e-05]"
236,5,5,"[5.157486521056853e-05, 0.0002374856558162719, 0.001839910983107984, 0.0006151626002974808, 0.00018238479970023036, 0.9969912767410278, 8.215773414121941e-05]"
237,4,4,"[0.005610101390630007, 0.012231627479195595, 0.0677139014005661, 0.002247077180072665, 0.5214516520500183, 0.38997527956962585, 0.0007703659939579666]"
238,5,5,"[0.0018806764855980873, 0.0062697408720850945, 0.030033893883228302, 0.0010672203497961164, 0.018894970417022705, 0.9417733550071716, 8.015235653147101e-05]"
239,5,5,"[1.8471890143700875e-05, 0.000173208347405307, 0.0015840398846194148, 0.00023503239208366722, 0.0007377099827863276, 0.9963769316673279, 0.0008745497325435281]"
240,5,5,"[3.043774631805718e-05, 0.00017702131299301982, 0.0013614295748993754, 0.0003436088445596397, 0.00019374670227989554, 0.997714638710022, 0.0001791225076885894]"
241,5,5,"[0.00028881660546176136, 0.0011596697149798274, 0.003439295571297407, 0.0022450615651905537, 0.00018159340834245086, 0.9926235675811768, 6.207539263414219e-05]"
242,4,5,"[0.00036494203959591687, 0.0016587214777246118, 0.02521389350295067, 0.0003033277462236583, 0.4465257525444031, 0.4894171357154846, 0.036516223102808]"
243,5,5,"[1.7768561519915238e-05, 6.858768756501377e-05, 0.0029640437569469213, 8.071876072790474e-05, 0.0022004267666488886, 0.9946168065071106, 5.168770076124929e-05]"
244,0,2,"[0.2957894206047058, 0.16987401247024536, 0.38320574164390564, 0.08445677161216736, 0.02988484874367714, 0.03652336448431015, 0.0002658758603502065]"
245,5,5,"[5.5892884120112285e-05, 0.000363964238204062, 0.0016248547472059727, 0.000688989064656198, 0.00012637380859814584, 0.9970077872276306, 0.0001321848831139505]"
246,5,5,"[2.6976886147167534e-05, 0.00014789383567404002, 0.002016037004068494, 0.00041693440289236605, 0.0003033071116078645, 0.9969601631164551, 0.00012873168452642858]"
247,5,5,"[6.203039083629847e-05, 0.00024278003547806293, 0.002224314957857132, 0.000781264912802726, 0.00020440679509192705, 0.9964358806610107, 4.930367867927998e-05]"
248,4,4,"[0.04052275791764259, 0.03426290675997734, 0.3175165355205536, 0.01044660434126854, 0.3787383437156677, 0.21837307512760162, 0.0001398034073645249]"
249,1,2,"[0.28348854184150696, 0.14433977007865906, 0.35424238443374634, 0.04491422697901726, 0.09795385599136353, 0.07485845685005188, 0.0002026666479650885]"
250,5,5,"[8.098658145172521e-05, 0.0005046589649282396, 0.012533241882920265, 0.0002947315515484661, 0.0011917371302843094, 0.9853740930557251, 2.0560246412060224e-05]"
251,2,2,"[0.17278403043746948, 0.07138987630605698, 0.400315523147583, 0.05801689624786377, 0.041507937014102936, 0.2558433413505554, 0.00014241511235013604]"
252,5,5,"[0.00025975520838983357, 0.0005929439212195575, 0.011563275009393692, 0.0018138393061235547, 0.0007198500679805875, 0.9850417971611023, 8.490128493576776e-06]"
253,5,5,"[3.0632552807219326e-05, 0.000168454775121063, 0.0010353982215747237, 0.0003145748341921717, 0.000206659417017363, 0.9980654120445251, 0.00017884388216771185]"
254,5,5,"[0.00012099834566470236, 0.0006232463056221604, 0.04435262456536293, 0.00022142987290862948, 0.19220677018165588, 0.7619860768318176, 0.0004888376570306718]"
255,4,5,"[0.003775333520025015, 0.005389191210269928, 0.06532503664493561, 0.0013185262214392424, 0.06975871324539185, 0.8543524146080017, 8.076604717643932e-05]"
256,5,5,"[5.8435165556147695e-05, 0.0003068258229177445, 0.0019826740026474, 0.0005951159982942045, 0.00014797376934438944, 0.9968162178993225, 9.279623918700963e-05]"
257,5,5,"[3.8546280848095194e-05, 8.296827581943944e-05, 0.006798974703997374, 0.00010373992699896917, 0.036820121109485626, 0.955878496170044, 0.0002772110456135124]"
258,5,5,"[3.6536981497192755e-05, 0.00043612494482658803, 0.0012275417102500796, 0.0006922210450284183, 0.0002802407543640584, 0.9962424039840698, 0.001084973686374724]"
259,2,2,"[0.011552581563591957, 0.03903490677475929, 0.7852054834365845, 0.027066398411989212, 0.018102213740348816, 0.11897651106119156, 6.184868834679946e-05]"
260,5,5,"[3.3974974940065295e-05, 0.0001872125139925629, 0.0010177248623222113, 0.0005527428002096713, 0.0001884107623482123, 0.9977015852928162, 0.0003184485831297934]"
261,1,5,"[0.005617049057036638, 0.0203258004039526, 0.0282624289393425, 0.009443946182727814, 0.009679148904979229, 0.925693929195404, 0.000977648887783289]"
262,4,5,"[0.0009100371971726418, 0.002252898644655943, 0.14623357355594635, 0.0007051583379507065, 0.3623605966567993, 0.4872734844684601, 0.0002641701139509678]"
263,2,5,"[0.0011411954183131456, 0.0040792180225253105, 0.030175236985087395, 0.0008240592433139682, 0.052549585700035095, 0.9109938144683838, 0.0002369100257055834]"
264,5,2,"[0.045841533690690994, 0.07791854441165924, 0.7609338760375977, 0.03214764595031738, 0.031148288398981094, 0.051947690546512604, 6.247217970667407e-05]"
265,5,5,"[0.0012284370604902506, 0.01074252463877201, 0.13555599749088287, 0.002328139031305909, 0.04628591611981392, 0.8037436604499817, 0.00011529651965247467]"
266,4,5,"[0.00035405883681960404, 0.0008794423774816096, 0.03939686715602875, 0.00020347494864836335, 0.2981310486793518, 0.6606155037879944, 0.00041960927774198353]"
267,5,5,"[6.539911555591971e-05, 0.0003012499073520303, 0.001876689144410193, 0.001017007976770401, 0.00016107807459775358, 0.9964798092842102, 9.878956188913435e-05]"
268,5,5,"[3.1080551707418635e-05, 0.0001584743004059419, 0.0014319049660116434, 0.00037502977647818625, 0.0001936266344273463, 0.9976432919502258, 0.00016658552340231836]"
269,0,2,"[0.3002815246582031, 0.12124668061733246, 0.3447767496109009, 0.04749245196580887, 0.12908384203910828, 0.05692974850535393, 0.00018898738198913634]"
270,5,5,"[5.016902650822885e-05, 0.00022332428488880396, 0.0023711964022368193, 0.0006398961413651705, 0.00020965293515473604, 0.996435284614563, 7.051970169413835e-05]"
271,5,5,"[0.00022643546981271356, 0.00078062858665362, 0.0021784415002912283, 0.0032815232407301664, 0.00015463573799934238, 0.9927627444267273, 0.000615619879681617]"
272,5,5,"[0.0006524711498059332, 0.0017478609224781394, 0.010616808198392391, 0.00028067975654266775, 0.042995549738407135, 0.9433531761169434, 0.0003534196875989437]"
273,1,5,"[0.004810664802789688, 0.03155023977160454, 0.01287778839468956, 0.0033942449372261763, 0.11031728237867355, 0.5051664710044861, 0.3318832516670227]"
274,5,5,"[5.4459738748846576e-05, 0.00023559802502859384, 0.002121118362993002, 0.0005897648516111076, 0.00019457841699477285, 0.996749997138977, 5.454659549286589e-05]"
275,5,5,"[0.0003260209341533482, 0.0008469801396131516, 0.10898124426603317, 0.0004098604549653828, 0.337563157081604, 0.5516030192375183, 0.0002696315641514957]"
276,4,5,"[0.001200212282128632, 0.0028550054412335157, 0.10520794987678528, 0.0007500322535634041, 0.4205743074417114, 0.46908679604530334, 0.00032571045449003577]"
277,5,4,"[0.0011754847364500165, 0.005329768173396587, 0.01626517064869404, 0.0009313076152466238, 0.3904138207435608, 0.30622851848602295, 0.27965593338012695]"
278,5,5,"[0.08027125149965286, 0.21544604003429413, 0.26952096819877625, 0.039802007377147675, 0.07712341845035553, 0.3172714114189148, 0.0005648979567922652]"
279,5,5,"[3.690849189297296e-05, 0.00019488651014398783, 0.0012487900676205754, 0.00039760975050739944, 0.0001761272578733042, 0.9978504180908203, 9.523505286779255e-05]"
280,5,5,"[2.2946231183595955e-05, 7.62991767260246e-05, 0.001265387050807476, 0.0002051975898211822, 0.00039142745663411915, 0.9979829788208008, 5.572964801103808e-05]"
281,5,5,"[0.0026700745802372694, 0.013188162818551064, 0.07989605516195297, 0.00631699850782752, 0.035573992878198624, 0.8619546294212341, 0.0004000565386377275]"
282,5,5,"[6.717858923366293e-05, 0.0002601700834929943, 0.003183929016813636, 0.0008194735273718834, 0.00023511135077569634, 0.9954026937484741, 3.134414509986527e-05]"
283,5,5,"[0.00014370307326316833, 0.0004825466894544661, 0.0036441946867853403, 0.0013753196690231562, 0.00023637722188141197, 0.9940902590751648, 2.7489635613164864e-05]"
284,5,5,"[0.0034044107887893915, 0.006339318118989468, 0.3885502815246582, 0.004086882341653109, 0.17902685701847076, 0.41856881976127625, 2.3500795578002e-05]"
285,4,5,"[0.0009876965777948499, 0.004517033230513334, 0.022669149562716484, 0.0010233711218461394, 0.011169369332492352, 0.9595881104469299, 4.5311564463190734e-05]"
286,6,1,"[0.024811668321490288, 0.43423476815223694, 0.07171502709388733, 0.03750275820493698, 0.02005983516573906, 0.1412929892539978, 0.27038297057151794]"
287,5,5,"[0.0015025156317278743, 0.0014591059880331159, 0.030324868857860565, 0.0025886306539177895, 0.007250369526445866, 0.9568654894828796, 9.032929483510088e-06]"
288,4,5,"[0.00046075141290202737, 0.001934243948198855, 0.011573273688554764, 0.00030080959550105035, 0.2600817382335663, 0.7041258811950684, 0.02152322791516781]"
289,5,5,"[3.4823773603420705e-05, 9.992342529585585e-05, 0.0022083455696702003, 0.00015391616034321487, 0.0008148317574523389, 0.9966713786125183, 1.6839756426634267e-05]"
290,4,5,"[0.00015183463983703405, 0.0005288558313623071, 0.02474336512386799, 0.00013230275362730026, 0.10287388414144516, 0.8712747693061829, 0.0002949452318716794]"
291,5,5,"[0.0033104221802204847, 0.01011575385928154, 0.02824055776000023, 0.003540600650012493, 0.03429247811436653, 0.911067545413971, 0.009432700462639332]"
292,5,5,"[4.749502113554627e-05, 0.00021029781782999635, 0.00392172671854496, 0.0006747855222783983, 0.00031368370400741696, 0.9948063492774963, 2.5757273760973476e-05]"
293,1,1,"[0.06053438410162926, 0.5907866358757019, 0.08176057040691376, 0.09683181345462799, 0.004426354542374611, 0.16365543007850647, 0.0020047950092703104]"
294,2,0,"[0.346500039100647, 0.2743059992790222, 0.24527136981487274, 0.08997288346290588, 0.021149013191461563, 0.01952124759554863, 0.0032794750295579433]"
295,5,5,"[0.000132904460770078, 0.0007819908787496388, 0.0024014832451939583, 0.001721447566524148, 0.00017575542733538896, 0.994503378868103, 0.0002831439196597785]"
296,2,5,"[0.014837286435067654, 0.047736793756484985, 0.22113089263439178, 0.012276948429644108, 0.08935827016830444, 0.6145270466804504, 0.00013267922622617334]"
297,0,2,"[0.017008477821946144, 0.044143904000520706, 0.4383392930030823, 0.011560732498764992, 0.22596916556358337, 0.26271456480026245, 0.00026394956512376666]"
298,5,2,"[0.023296017199754715, 0.03356941044330597, 0.45828089118003845, 0.009876490570604801, 0.08471234887838364, 0.39023125171661377, 3.363814175827429e-05]"
299,5,4,"[0.001230914262123406, 0.004381963517516851, 0.025424106046557426, 0.0005720951594412327, 0.6629225015640259, 0.25857168436050415, 0.046896811574697495]"
300,2,5,"[0.009049530141055584, 0.012005549855530262, 0.2358189970254898, 0.004412424750626087, 0.20501971244812012, 0.5336293578147888, 6.444979953812435e-05]"
301,5,5,"[2.9482001991709694e-05, 0.00011971464118687436, 0.0018541122553870082, 0.0003445459296926856, 0.0003088646044488996, 0.9973044395446777, 3.886402555508539e-05]"
302,1,5,"[0.019668713212013245, 0.14714716374874115, 0.19855113327503204, 0.0337844118475914, 0.012821514159440994, 0.587828516960144, 0.0001985643757507205]"
303,5,5,"[0.0005252246628515422, 0.0010866484371945262, 0.006124493665993214, 0.003587243380025029, 0.0003046546480618417, 0.9883344173431396, 3.729285526787862e-05]"
304,2,2,"[0.03455960005521774, 0.07409234344959259, 0.7329117655754089, 0.042265210300683975, 0.03984618932008743, 0.07627201825380325, 5.298428004607558e-05]"
305,5,5,"[0.0514080636203289, 0.17925481498241425, 0.1430138349533081, 0.039133220911026, 0.05297904089093208, 0.5309481024742126, 0.0032629347406327724]"
306,5,5,"[0.0014789621345698833, 0.004782111383974552, 0.0031579819042235613, 0.016066383570432663, 0.000247268530074507, 0.9676649570465088, 0.006602287758141756]"
307,5,5,"[3.724034831975587e-05, 0.00018856469250749797, 0.0015034405514597893, 0.0006527590448968112, 0.0002430226595606655, 0.997147262096405, 0.00022784298926126212]"
308,5,2,"[0.008833789266645908, 0.017790278419852257, 0.5236648321151733, 0.007667628116905689, 0.20560693740844727, 0.23636925220489502, 6.726265564793721e-05]"
309,5,5,"[0.000298123195534572, 0.00448810076341033, 0.024884019047021866, 0.0005895129288546741, 0.08712921291589737, 0.8784480690956116, 0.00416305847465992]"
310,4,5,"[0.00037855556001886725, 0.0014767604880034924, 0.015192822553217411, 0.0004208313475828618, 0.13138385117053986, 0.8411741256713867, 0.009973011910915375]"
311,5,5,"[0.03208077698945999, 0.04697059839963913, 0.031406715512275696, 0.004473099950700998, 0.15212056040763855, 0.7300547957420349, 0.0028934329748153687]"
312,0,5,"[0.0040527889505028725, 0.01262570545077324, 0.30829617381095886, 0.003065702272579074, 0.17735683917999268, 0.4944439232349396, 0.0001588873565196991]"
313,5,4,"[0.0005639970768243074, 0.0008350246935151517, 0.07022040337324142, 0.0003206138499081135, 0.5450562834739685, 0.3826994299888611, 0.0003042228636331856]"
314,5,5,"[0.0005906135193072259, 0.004481113515794277, 0.005099901929497719, 0.010778689756989479, 0.00013711965584661812, 0.976695716381073, 0.002216807333752513]"
315,1,2,"[0.008551194332540035, 0.024191318079829216, 0.6930306553840637, 0.013368542306125164, 0.06691080331802368, 0.19391557574272156, 3.19032660627272e-05]"
316,2,2,"[0.14737717807292938, 0.14893649518489838, 0.4862823486328125, 0.052432719618082047, 0.1067347377538681, 0.058019135147333145, 0.0002173061075154692]"
317,5,5,"[0.00030215096194297075, 0.0008648560615256429, 0.0028635261114686728, 0.003994432277977467, 0.00016616267384961247, 0.9913600087165833, 0.00044887122930958867]"
318,5,4,"[0.003253979841247201, 0.027466600760817528, 0.2784489393234253, 0.004917568061500788, 0.34833571314811707, 0.33347782492637634, 0.0040993280708789825]"
319,5,2,"[0.06766627728939056, 0.04072311893105507, 0.5791997313499451, 0.024726495146751404, 0.17655329406261444, 0.11107809096574783, 5.300021803122945e-05]"
320,5,5,"[2.4155804567271844e-05, 0.00014851370360702276, 0.0010046185925602913, 0.0003451158700045198, 0.0002216277498519048, 0.9980728626251221, 0.00018302896933164448]"
321,4,2,"[0.017447425052523613, 0.023657632991671562, 0.6270934343338013, 0.01340507622808218, 0.1520390510559082, 0.16633044183254242, 2.6976813387591392e-05]"
322,5,5,"[0.0013111045118421316, 0.0035558920353651047, 0.003714291611686349, 0.009900253266096115, 0.0003463932953309268, 0.9800896644592285, 0.0010824325727298856]"
323,2,2,"[0.0560043603181839, 0.15919823944568634, 0.36840635538101196, 0.04423315450549126, 0.20938880741596222, 0.1613312065601349, 0.0014378862688317895]"
324,5,1,"[0.18829846382141113, 0.4056902527809143, 0.19594646990299225, 0.050993822515010834, 0.023500483483076096, 0.1349569857120514, 0.0006135207368060946]"
325,4,5,"[0.000648198532871902, 0.013086279854178429, 0.22583729028701782, 0.0027900561690330505, 0.08570588380098343, 0.6705960631370544, 0.0013362932950258255]"
326,5,5,"[4.1832408896880224e-05, 0.00020158450934104621, 0.0010349622461944818, 0.0002336662437301129, 0.00033132880344055593, 0.9980024695396423, 0.00015414642984978855]"
327,5,5,"[2.8069731342839077e-05, 0.0001222101564053446, 0.001751948962919414, 0.0002996753028128296, 0.0002692617126740515, 0.9974693059921265, 5.951890125288628e-05]"
328,2,2,"[0.008399401791393757, 0.06324347853660583, 0.6497671008110046, 0.023129170760512352, 0.041119206696748734, 0.21419714391231537, 0.00014451499737333506]"
329,2,2,"[0.020520083606243134, 0.03753751143813133, 0.8292780518531799, 0.029235636815428734, 0.019922593608498573, 0.06347623467445374, 2.9890015866840258e-05]"
330,5,5,"[0.00011235530837439, 0.0002816655323840678, 0.0034444471821188927, 0.0009883741149678826, 0.00031246739672496915, 0.9948331117630005, 2.7582080292631872e-05]"
331,5,5,"[2.744419180089608e-05, 0.00015950338274706155, 0.004750694613903761, 0.0001893524604383856, 0.0009546484798192978, 0.9938552975654602, 6.304742419160903e-05]"
332,5,5,"[5.088386751594953e-05, 0.00027449303888715804, 0.0028262995183467865, 0.0005437855143100023, 0.00019581303058657795, 0.9960716962814331, 3.6915891541866586e-05]"
333,1,1,"[0.11945811659097672, 0.7095630168914795, 0.02721150405704975, 0.1015944629907608, 0.0010063599329441786, 0.0348999947309494, 0.006266581825911999]"
334,5,5,"[0.00010093403398059309, 0.0004566907009575516, 0.00870042759925127, 0.0001473803713452071, 0.028130291029810905, 0.9614070057868958, 0.0010572385508567095]"
335,1,1,"[0.1770341694355011, 0.2877139151096344, 0.09725949168205261, 0.04014427959918976, 0.1954737901687622, 0.19800664484500885, 0.004367651417851448]"
336,5,5,"[0.0005942941061221063, 0.0056352452374994755, 0.05239704251289368, 0.0012453198432922363, 0.07738692313432693, 0.8620535731315613, 0.0006876446423120797]"
337,5,5,"[3.652285522548482e-05, 0.00017557440150994807, 0.0028233686462044716, 0.00017967737221624702, 0.0009197532781399786, 0.995802104473114, 6.29487112746574e-05]"
338,5,5,"[3.0329549190355465e-05, 0.00013776523701380938, 0.0015480960719287395, 0.00020575273083522916, 0.00047441499191336334, 0.9975510239601135, 5.2749433962162584e-05]"
339,5,5,"[0.0006884047179482877, 0.014871385879814625, 0.2109716534614563, 0.0058636958710849285, 0.011339462362229824, 0.756180465221405, 8.495902147842571e-05]"
340,2,2,"[0.0038036652840673923, 0.014514797367155552, 0.5987599492073059, 0.01326496060937643, 0.009778399020433426, 0.3598152995109558, 6.294104241533205e-05]"
341,4,4,"[0.00034681957913562655, 0.0005581193254329264, 0.031689733266830444, 0.0003207045956514776, 0.7179983854293823, 0.24464423954486847, 0.004441895056515932]"
342,5,5,"[0.0002172010572394356, 0.0006101426552049816, 0.020421596243977547, 0.00020969515026081353, 0.05425497889518738, 0.924041748046875, 0.00024455765378661454]"
343,5,5,"[0.0007806606008671224, 0.001369051868095994, 0.014540504664182663, 0.00030238364706747234, 0.47848325967788696, 0.4906337261199951, 0.013890421018004417]"
344,0,5,"[0.0013585345586761832, 0.0026340766344219446, 0.006629947107285261, 0.009452514350414276, 0.00029107267619110644, 0.9792701005935669, 0.0003637884510681033]"
345,2,2,"[0.005539916455745697, 0.028966041281819344, 0.6089714169502258, 0.01515639666467905, 0.022664392367005348, 0.3186691105365753, 3.274306436651386e-05]"
346,6,5,"[0.0028924604412168264, 0.026207897812128067, 0.06416791677474976, 0.007466660812497139, 0.05811411887407303, 0.8399249911308289, 0.0012259712675586343]"
347,5,5,"[0.00026285811327397823, 0.0013099352363497019, 0.001469516078941524, 0.00357232429087162, 0.0001872668508440256, 0.9895156621932983, 0.003682470414787531]"
348,5,5,"[2.256276820844505e-05, 0.0002795840846374631, 0.0016273180954158306, 0.0002892811025958508, 0.0009521936881355941, 0.9941536784172058, 0.002675422001630068]"
349,4,4,"[0.0006733146728947759, 0.0016325033502653241, 0.12843787670135498, 0.0006606647511944175, 0.46081650257110596, 0.40715888142585754, 0.0006203025113791227]"
350,5,5,"[0.001680853427387774, 0.006886010058224201, 0.1727786362171173, 0.001952818245626986, 0.10406281799077988, 0.7125623822212219, 7.654263754375279e-05]"
351,2,2,"[0.08926551789045334, 0.061587583273649216, 0.3227093815803528, 0.02018987387418747, 0.2454214245080948, 0.260715126991272, 0.00011104311852250248]"
352,2,2,"[0.19773054122924805, 0.20948520302772522, 0.43395864963531494, 0.05170569568872452, 0.05044940486550331, 0.05641645938158035, 0.00025397990248166025]"
353,5,5,"[0.0001886120007839054, 0.0004567646246869117, 0.010683167725801468, 0.00011316520976833999, 0.13997459411621094, 0.8435348272323608, 0.0050489227287471294]"
354,5,5,"[0.0019077550387009978, 0.0028225567657500505, 0.023004885762929916, 0.0004912868607789278, 0.10686136782169342, 0.8647103905677795, 0.00020175606186967343]"
355,5,5,"[0.00035920500522479415, 0.0008704749634489417, 0.004876113962382078, 0.0010971700539812446, 0.000773283769376576, 0.9920022487640381, 2.1485266188392416e-05]"
356,0,0,"[0.45679500699043274, 0.20290903747081757, 0.1970042735338211, 0.07369265705347061, 0.05541812255978584, 0.013317639008164406, 0.0008633233373984694]"
357,5,5,"[3.6206332879373804e-05, 0.0001961208472494036, 0.0015501354355365038, 0.00044884823728352785, 0.00020623914315365255, 0.9974682331085205, 9.428809426026419e-05]"
358,5,5,"[0.09438132494688034, 0.10537701100111008, 0.1801934689283371, 0.01837190054357052, 0.1759815812110901, 0.4252011775970459, 0.0004935527686029673]"
359,5,5,"[0.008573616854846478, 0.024080609902739525, 0.10897532850503922, 0.0022900698240846395, 0.07493343949317932, 0.780853807926178, 0.00029309524688869715]"
360,4,4,"[0.0021762107498943806, 0.002598228631541133, 0.05608610436320305, 0.000610393937677145, 0.7976834774017334, 0.13785704970359802, 0.0029886013362556696]"
361,5,5,"[3.734621714102104e-05, 0.00016958737978711724, 0.0017060816753655672, 0.00035347676021046937, 0.00019919718033634126, 0.9974741339683533, 6.012415178702213e-05]"
362,1,1,"[0.11494699120521545, 0.7171103358268738, 0.030953021720051765, 0.08008021116256714, 0.00659322552382946, 0.03216088190674782, 0.01815536431968212]"
363,5,5,"[2.265824150526896e-05, 0.0001130489181377925, 0.0014633475802838802, 0.00022667698794975877, 0.0003270876477472484, 0.9977865219116211, 6.070829476811923e-05]"
364,5,5,"[0.0008537967805750668, 0.0023694613482803106, 0.0036985166370868683, 0.010186368599534035, 0.0001780804741429165, 0.9812971353530884, 0.00141670904122293]"
365,5,5,"[3.3820415410446e-05, 0.00016894428699743003, 0.0014288455713540316, 0.00036676073796115816, 0.00019508130208123475, 0.9977300763130188, 7.654487126274034e-05]"
366,5,5,"[0.002117302268743515, 0.005738918669521809, 0.010705900378525257, 0.024128952994942665, 0.00022885897487867624, 0.9557091593742371, 0.0013708118349313736]"
367,5,5,"[0.05504903569817543, 0.19507388770580292, 0.15992037951946259, 0.03080364689230919, 0.09310272336006165, 0.4649556577205658, 0.0010946847032755613]"
368,6,6,"[0.005834150593727827, 0.05737046152353287, 0.0023874298203736544, 0.006760540418326855, 0.013822418637573719, 0.02539108321070671, 0.8884338736534119]"
369,4,2,"[0.018640780821442604, 0.028677882626652718, 0.48434722423553467, 0.007830535061657429, 0.3471999764442444, 0.11308711767196655, 0.00021653941075783223]"
370,1,5,"[0.00031519727781414986, 0.003375304862856865, 0.005258556455373764, 0.007905208505690098, 0.0029870369471609592, 0.8902384042739868, 0.08992023766040802]"
371,4,5,"[0.0002782515366561711, 0.0009572567068971694, 0.030833344906568527, 0.00030146559583954513, 0.44381147623062134, 0.516289234161377, 0.007528943940997124]"
372,4,4,"[0.002573692938312888, 0.008802092634141445, 0.30838543176651, 0.0020270701497793198, 0.40168920159339905, 0.2761417031288147, 0.00038080234662629664]"
373,5,0,"[0.31338128447532654, 0.15459011495113373, 0.21483752131462097, 0.08230876177549362, 0.12511153519153595, 0.10929256677627563, 0.0004781410680152476]"
374,5,5,"[0.0004386085784062743, 0.004619590938091278, 0.011796852573752403, 0.0006247024866752326, 0.0383615642786026, 0.9433469176292419, 0.0008118005353026092]"
375,5,5,"[2.6425585019751452e-05, 6.535967986565083e-05, 0.001890486804768443, 5.522364881471731e-05, 0.00448435777798295, 0.9933956265449524, 8.252992120105773e-05]"
376,1,5,"[0.00098075857385993, 0.006189972162246704, 0.11612585932016373, 0.001106454525142908, 0.31964221596717834, 0.550218403339386, 0.005736292339861393]"
377,5,4,"[0.00692468648776412, 0.023671453818678856, 0.07163819670677185, 0.0030567736830562353, 0.4956677258014679, 0.39006316661834717, 0.008978082798421383]"
378,5,5,"[0.00029237885610200465, 0.0005655717104673386, 0.029252346605062485, 0.00022433846606872976, 0.06040790304541588, 0.9091295003890991, 0.00012787785090040416]"
379,5,5,"[0.0001136341888923198, 0.00033528354833833873, 0.017120011150836945, 0.0003080190217588097, 0.02049248293042183, 0.9614916443824768, 0.0001389232638757676]"
380,5,5,"[0.0003448834759183228, 0.0006704385159537196, 0.0260199923068285, 0.0022055464796721935, 0.0018720588413998485, 0.9688786864280701, 8.315397280966863e-06]"
381,6,6,"[0.012437276542186737, 0.11853446811437607, 0.034736860543489456, 0.024125423282384872, 0.09809309989213943, 0.2177673876285553, 0.49430546164512634]"
382,5,5,"[5.385874101193622e-05, 0.00031941902125254273, 0.0020686404313892126, 0.0007327294442802668, 0.00016664266877342016, 0.9965181350708008, 0.00014060422836337239]"
383,5,5,"[0.0009297239012084901, 0.0077566783875226974, 0.007933065295219421, 0.0012079146690666676, 0.013327927328646183, 0.9629027843475342, 0.005941897165030241]"
384,5,5,"[2.6318150048609823e-05, 0.0001301025622524321, 0.00126535480376333, 0.00034108516410924494, 0.00024220929481089115, 0.9978366494178772, 0.00015834621444810182]"
385,5,5,"[2.3073729607858695e-05, 0.0001236956741195172, 0.004861782770603895, 0.0001221745042130351, 0.0014352159341797233, 0.993388295173645, 4.566377174342051e-05]"
386,5,2,"[0.11380509287118912, 0.3522283136844635, 0.3693653643131256, 0.05963768810033798, 0.02026330679655075, 0.08408322185277939, 0.0006169677362777293]"
387,5,5,"[0.00187554897274822, 0.009346509352326393, 0.03886810690164566, 0.0008787453407421708, 0.32907527685165405, 0.6072399616241455, 0.012715907767415047]"
388,2,5,"[0.0018349653109908104, 0.0022621098905801773, 0.09827345609664917, 0.0066519612446427345, 0.006814096122980118, 0.8841429948806763, 2.0396757463458925e-05]"
389,1,5,"[0.10635217279195786, 0.14703650772571564, 0.22806783020496368, 0.023245807737112045, 0.14457979798316956, 0.35036906599998474, 0.00034875539131462574]"
390,4,5,"[0.003801508340984583, 0.004233056679368019, 0.02284049615263939, 0.000516488857101649, 0.18035291135311127, 0.7870721817016602, 0.0011833637254312634]"
391,5,5,"[5.1284550863783807e-05, 0.0002567628980614245, 0.0036071387585252523, 0.0005161102744750679, 0.00030945034814067185, 0.9952366352081299, 2.2638714654021896e-05]"
392,5,5,"[7.097202615113929e-05, 0.0002904770663008094, 0.0028766256291419268, 0.0007399575551971793, 0.0002218589943367988, 0.9957725405693054, 2.755853893177118e-05]"
393,5,5,"[2.6686389901442453e-05, 0.00021443575678858906, 0.0011282151099294424, 0.0006559015600942075, 0.00025643070694059134, 0.996985137462616, 0.0007331437082029879]"
394,5,5,"[0.0005204868502914906, 0.0008972428040578961, 0.013593517243862152, 0.002172037959098816, 0.0007731563528068364, 0.9820276498794556, 1.5900215657893568e-05]"
395,5,5,"[0.0003432323574088514, 0.0017402058001607656, 0.0052556684240698814, 0.003999152220785618, 0.0001448205584893003, 0.9883169531822205, 0.00020003790268674493]"
396,5,5,"[6.306360592134297e-05, 0.00016496425087098032, 0.006433472502976656, 0.0004433328867889941, 0.0009264972759410739, 0.9919576644897461, 1.0969904906232841e-05]"
397,5,5,"[0.0005783670931123197, 0.002084745094180107, 0.04181390628218651, 0.0003292465989943594, 0.1569368690252304, 0.7980057597160339, 0.0002510326448827982]"
398,5,5,"[3.546844163793139e-05, 0.00016839845920912921, 0.0014422695385292172, 0.00042531435610726476, 0.00018968773656524718, 0.9976423382759094, 9.65027284109965e-05]"
399,1,2,"[0.2710762321949005, 0.1516895294189453, 0.3695780336856842, 0.04739424213767052, 0.10719438642263412, 0.05275571718811989, 0.0003118806635029614]"
400,5,2,"[0.02830381691455841, 0.11198510974645615, 0.41130805015563965, 0.031088832765817642, 0.060886237770318985, 0.356294721364975, 0.0001333253167103976]"
401,5,5,"[2.7261761715635657e-05, 0.0001382492482662201, 0.0018102234462276101, 0.0003197953919880092, 0.0002261095796711743, 0.9974144697189331, 6.381394632626325e-05]"
402,4,5,"[0.00304530025459826, 0.011819515377283096, 0.02014004811644554, 0.001749863033182919, 0.06018834188580513, 0.902198851108551, 0.0008581262663938105]"
403,5,5,"[0.00015394468209706247, 0.0006068514194339514, 0.003197946585714817, 0.0017987455939874053, 0.00016564151155762374, 0.9939512014389038, 0.0001256093237316236]"
404,5,5,"[0.0010756802512332797, 0.005117905791848898, 0.10878951847553253, 0.002035449491813779, 0.05507007613778114, 0.8278852105140686, 2.6199148123851046e-05]"
405,1,1,"[0.19356520473957062, 0.3562421500682831, 0.2770942151546478, 0.08304993808269501, 0.04907948151230812, 0.04009688273072243, 0.0008721252088434994]"
406,5,5,"[0.040176551789045334, 0.0489099882543087, 0.21471868455410004, 0.009950022213160992, 0.24341243505477905, 0.4422096014022827, 0.0006227976409718394]"
407,2,0,"[0.38105905055999756, 0.2734658718109131, 0.19714608788490295, 0.1152961477637291, 0.010897736996412277, 0.020327692851424217, 0.001807402353733778]"
408,0,1,"[0.28204670548439026, 0.5248415470123291, 0.08222755789756775, 0.07697426527738571, 0.004165616352111101, 0.028018929064273834, 0.0017253499245271087]"
409,5,5,"[2.0403984308359213e-05, 9.004060120787472e-05, 0.004536980763077736, 8.313563012052327e-05, 0.006778092589229345, 0.9883605241775513, 0.0001307656493736431]"
410,5,5,"[7.283154991455376e-05, 0.00034129261621274054, 0.0020620240829885006, 0.0011703043710440397, 0.0001676766260061413, 0.9959908127784729, 0.00019505442469380796]"
411,1,1,"[0.16720989346504211, 0.4806627929210663, 0.16069546341896057, 0.12708833813667297, 0.01543488260358572, 0.04229883849620819, 0.006609819363802671]"
412,5,5,"[0.0019311653450131416, 0.002681152196601033, 0.028599005192518234, 0.0005430591991171241, 0.04753760248422623, 0.9186254143714905, 8.267506200354546e-05]"
413,5,4,"[0.0037642670795321465, 0.003802672727033496, 0.08196698129177094, 0.0009294543997384608, 0.5439653396606445, 0.3651254177093506, 0.00044574771891348064]"
414,5,5,"[0.00011522313434397802, 0.0006036149570718408, 0.009766316041350365, 8.350642019649968e-05, 0.02441633678972721, 0.9647456407546997, 0.00026937597431242466]"
415,5,5,"[0.00527125084772706, 0.00913640484213829, 0.11273505538702011, 0.001386467833071947, 0.32091236114501953, 0.5501648187637329, 0.00039364967960864305]"
416,2,2,"[0.003410482779145241, 0.01538403332233429, 0.5534846782684326, 0.008831224404275417, 0.1630731076002121, 0.25499820709228516, 0.0008182792225852609]"
417,5,5,"[2.8398717404343188e-05, 0.00021210922568570822, 0.0018367775483056903, 0.0005004637059755623, 0.00021016273240093142, 0.9970813393592834, 0.00013075386232230812]"
418,1,5,"[0.0045279874466359615, 0.00863327644765377, 0.08630982786417007, 0.009896165691316128, 0.012916083447635174, 0.8776644468307495, 5.2246447012294084e-05]"
419,5,5,"[0.00014459296653512865, 0.0007528249407187104, 0.0014298715395852923, 0.0020897341892123222, 0.00015178046305663884, 0.9949309229850769, 0.000500310561619699]"
420,5,5,"[7.020154589554295e-05, 0.00035710667725652456, 0.002344137988984585, 0.0010296639520674944, 0.00016441520710941404, 0.9958772659301758, 0.00015726192214060575]"
421,5,4,"[0.0004870494012720883, 0.0016434649005532265, 0.06635008752346039, 0.0008571848156861961, 0.4699532985687256, 0.4438495337963104, 0.016859380528330803]"
422,4,5,"[0.020136594772338867, 0.10509045422077179, 0.2673885226249695, 0.021582666784524918, 0.05183033272624016, 0.533575713634491, 0.00039566910709254444]"
423,2,2,"[0.061611901968717575, 0.06433848291635513, 0.4372099041938782, 0.017018241807818413, 0.13653425872325897, 0.28316447138786316, 0.0001226636813953519]"
424,5,5,"[0.00016522312944289297, 0.0005584045429714024, 0.010098688304424286, 0.0017093191854655743, 0.0005680496688000858, 0.9868776202201843, 2.263685382786207e-05]"
425,5,5,"[4.779364098794758e-05, 0.00014652842946816236, 0.01864798180758953, 0.0002380360965617001, 0.03656436875462532, 0.94404536485672, 0.0003099724417552352]"
426,5,5,"[1.4472469956672285e-05, 7.194459612946957e-05, 0.002996058203279972, 6.927031063241884e-05, 0.0065001086331903934, 0.9898631572723389, 0.00048497490934096277]"
427,5,5,"[0.0003567015228327364, 0.00248632556758821, 0.017538199201226234, 0.0003252903406973928, 0.17802272737026215, 0.7845929861068726, 0.016677744686603546]"
428,2,0,"[0.35454192757606506, 0.24059955775737762, 0.24278788268566132, 0.05313754081726074, 0.054230935871601105, 0.05416611582040787, 0.000536071602255106]"
429,5,5,"[2.0629930077120662e-05, 9.838685946306214e-05, 0.0009582146303728223, 0.00021111049863975495, 0.00026393949519842863, 0.9983469247817993, 0.00010071705764858052]"
430,4,0,"[0.3640071749687195, 0.2595275640487671, 0.24396289885044098, 0.06445424258708954, 0.04204636812210083, 0.02553960308432579, 0.0004621000261977315]"
431,5,5,"[2.0989105905755423e-05, 0.00010635854414431378, 0.0009086263598874211, 0.00018402922432869673, 0.00030554772820323706, 0.9983317255973816, 0.00014270971587393433]"
432,5,2,"[0.014886652119457722, 0.05447113513946533, 0.5118436813354492, 0.017181362956762314, 0.06474640220403671, 0.3368036448955536, 6.711805326631293e-05]"
433,5,5,"[4.566642382997088e-05, 0.00021716451738029718, 0.0023718387819826603, 0.0006074281991459429, 0.00017427607963327318, 0.9964976906776428, 8.604054164607078e-05]"
434,5,4,"[0.0023788430262356997, 0.0016091052675619721, 0.025653287768363953, 0.0003602458746172488, 0.49028563499450684, 0.4780830442905426, 0.0016298906411975622]"
435,3,5,"[0.07459250837564468, 0.07566080242395401, 0.2791018784046173, 0.018116876482963562, 0.24825294315814972, 0.30410024523735046, 0.00017476310313213617]"
436,1,1,"[0.0545397624373436, 0.38403716683387756, 0.3410593569278717, 0.0615692064166069, 0.015065750107169151, 0.14290398359298706, 0.0008248347439803183]"
437,5,5,"[0.00017409230349585414, 0.0007802580366842449, 0.0023669314105063677, 0.0029538788367062807, 0.00014354378799907863, 0.9930139183998108, 0.0005675280117429793]"
438,5,5,"[2.599722756713163e-05, 0.00010338641004636884, 0.0017646120395511389, 0.00028051258414052427, 0.0002949659829027951, 0.9974790215492249, 5.155675899004564e-05]"
439,1,5,"[0.005535042379051447, 0.03160322457551956, 0.25945940613746643, 0.013431617990136147, 0.26926055550575256, 0.3839266300201416, 0.03678356483578682]"
440,5,5,"[5.036406946601346e-05, 0.0001708501804387197, 0.0022015362046658993, 0.0005634221015498042, 0.00024086912162601948, 0.996720016002655, 5.2866227633785456e-05]"
441,5,5,"[0.0015354447532445192, 0.002593948505818844, 0.08683780580759048, 0.0008093687356449664, 0.407448410987854, 0.5003341436386108, 0.00044086144771426916]"
442,5,2,"[0.030845021829009056, 0.31026265025138855, 0.3944510817527771, 0.08291613310575485, 0.013804671354591846, 0.166682168841362, 0.0010382647160440683]"
443,2,2,"[0.2128135710954666, 0.145583838224411, 0.4875353276729584, 0.060061633586883545, 0.06968504935503006, 0.024009959772229195, 0.0003106068470515311]"
444,5,5,"[0.0007279756246134639, 0.0018832614878192544, 0.020246192812919617, 0.00033407018054276705, 0.062175508588552475, 0.9145060777664185, 0.00012688741844613105]"
445,5,5,"[0.0006175108719617128, 0.006508660037070513, 0.04361703619360924, 0.0007628914900124073, 0.20728470385074615, 0.7301236987113953, 0.01108548603951931]"
446,5,0,"[0.4036840498447418, 0.20299868285655975, 0.24435670673847198, 0.04947036877274513, 0.07009154558181763, 0.028876133263111115, 0.0005224971100687981]"
447,5,5,"[0.0001391759142279625, 0.0003673415631055832, 0.005023370962589979, 0.001530708046630025, 0.00034958135802298784, 0.9925552010536194, 3.4614924516063184e-05]"
448,5,5,"[0.06911269575357437, 0.044190824031829834, 0.08423668891191483, 0.011869226582348347, 0.22375145554542542, 0.5658819675445557, 0.0009571723639965057]"
449,6,6,"[0.0018423034343868494, 0.0186335276812315, 0.0013955129543319345, 0.007073447108268738, 0.0008675626595504582, 0.11039566248655319, 0.8597919940948486]"
450,5,5,"[0.00019667844753712416, 0.0006140568875707686, 0.016332659870386124, 0.00012608745601028204, 0.13684974610805511, 0.8447177410125732, 0.0011630031513050199]"
451,3,1,"[0.029954221099615097, 0.3486267030239105, 0.10980205982923508, 0.04904921352863312, 0.11220712214708328, 0.32859352231025696, 0.02176717482507229]"
452,1,5,"[0.03332633525133133, 0.22988596558570862, 0.04605122655630112, 0.14980483055114746, 0.0012111003743484616, 0.5006441473960876, 0.03907637298107147]"
453,1,2,"[0.09060384333133698, 0.15659230947494507, 0.35117632150650024, 0.03589393198490143, 0.12303545325994492, 0.24248547852039337, 0.00021267433476168662]"
454,5,5,"[0.003392338054254651, 0.002495860680937767, 0.019457964226603508, 0.00039308861596509814, 0.18671175837516785, 0.7854241728782654, 0.0021248164121061563]"
455,5,5,"[5.166200207895599e-05, 0.0003396800602786243, 0.002874003490433097, 0.0008133068331517279, 0.0001480871724197641, 0.995684027671814, 8.916762453736737e-05]"
456,5,5,"[0.0003795746306423098, 0.0036307491827756166, 0.04800849407911301, 0.0011581049766391516, 0.022491086274385452, 0.9241041541099548, 0.00022788949718233198]"
457,2,2,"[0.044809795916080475, 0.046730101108551025, 0.5155532956123352, 0.019455283880233765, 0.15214096009731293, 0.2212662398815155, 4.43198332504835e-05]"
458,5,5,"[0.0017334866570308805, 0.01867532916367054, 0.14817127585411072, 0.003991836216300726, 0.021799378097057343, 0.8055306673049927, 9.807874448597431e-05]"
459,5,5,"[0.018722819164395332, 0.06753595173358917, 0.053411006927490234, 0.006525338627398014, 0.015719285234808922, 0.8374890685081482, 0.0005964701995253563]"
460,5,5,"[0.0026393302250653505, 0.0025085711386054754, 0.03400969132781029, 0.0006506279460154474, 0.21545648574829102, 0.7443830966949463, 0.00035217925324104726]"
461,4,4,"[0.0006061157328076661, 0.0017242688918486238, 0.04255663976073265, 0.00045364961260929704, 0.5995473265647888, 0.33047986030578613, 0.02463214285671711]"
462,5,5,"[2.0025259800604545e-05, 0.00011499555694172159, 0.0013336359988898039, 0.00017991925415117294, 0.00026584233273752034, 0.9979799389839172, 0.00010564840340521187]"
463,5,5,"[5.294764196150936e-05, 0.000258341315202415, 0.0011111254571005702, 0.000811180507298559, 0.00016395682177972049, 0.9972130656242371, 0.0003893311368301511]"
464,2,5,"[0.03831963613629341, 0.06417157500982285, 0.32622992992401123, 0.01559356227517128, 0.19320285320281982, 0.36232975125312805, 0.0001527035637991503]"
465,5,5,"[0.00028718021349050105, 0.0013163989642634988, 0.0030906277243047953, 0.004356833640486002, 0.00013201063848100603, 0.9902957081794739, 0.0005212139803916216]"
466,5,5,"[0.0005816720658913255, 0.005336659494787455, 0.0017784301890060306, 0.009879634715616703, 0.00023557888926006854, 0.9515553116798401, 0.030632715672254562]"
467,5,5,"[0.0005129003548063338, 0.0015962710604071617, 0.12303314357995987, 0.0006221210933290422, 0.34079593420028687, 0.5331425666809082, 0.00029710037051700056]"
468,5,5,"[1.9967903426731937e-05, 0.00010021967318607494, 0.0015736117493361235, 0.00030608667293563485, 0.00029698104481212795, 0.9976301193237305, 7.297661068150774e-05]"
469,5,5,"[0.0001838596217567101, 0.0007371834944933653, 0.004915386438369751, 0.0014394045574590564, 0.00021402766287792474, 0.9924426078796387, 6.754360219929367e-05]"
470,6,6,"[0.010034491308033466, 0.26149648427963257, 0.006753284018486738, 0.029613357037305832, 0.013132084161043167, 0.19717317819595337, 0.48179709911346436]"
471,5,5,"[0.000716881244443357, 0.005901565309613943, 0.03039577789604664, 0.0008571973885409534, 0.11853639781475067, 0.8417931199073792, 0.0017991239437833428]"
472,5,5,"[0.00028223724802955985, 0.0008976446697488427, 0.04055256024003029, 0.00034539925400167704, 0.36926424503326416, 0.5776320099830627, 0.011025918647646904]"
473,4,5,"[0.0029587927274405956, 0.008528204634785652, 0.29639336466789246, 0.003045146120712161, 0.10578486323356628, 0.583242654800415, 4.6940811444073915e-05]"
474,5,5,"[0.0002228316880064085, 0.0008631277596578002, 0.03490248695015907, 0.00017337128520011902, 0.2912807762622833, 0.6709272265434265, 0.0016301338328048587]"
475,5,5,"[2.8782656954717822e-05, 0.00015220856585074216, 0.0026186949107795954, 0.00044211806380189955, 0.00022179209918249398, 0.99647057056427, 6.586330709978938e-05]"
476,2,2,"[0.08579958975315094, 0.16183406114578247, 0.5351710319519043, 0.0714900866150856, 0.02244834415614605, 0.12292583286762238, 0.00033108386560343206]"
477,5,2,"[0.08551603555679321, 0.047469351440668106, 0.5335440635681152, 0.032080214470624924, 0.19122707843780518, 0.11002638936042786, 0.0001368334051221609]"
478,5,2,"[0.06352763622999191, 0.14951428771018982, 0.530728280544281, 0.06130670756101608, 0.08055008947849274, 0.1141328290104866, 0.00024017943360377103]"
479,5,5,"[0.005540631711483002, 0.049053970724344254, 0.40549400448799133, 0.02582782879471779, 0.030128659680485725, 0.48374414443969727, 0.00021080666920170188]"
480,2,5,"[0.0023199692368507385, 0.003623315365985036, 0.19843924045562744, 0.0015625555533915758, 0.3853686451911926, 0.4085921347141266, 9.414854139322415e-05]"
481,5,5,"[3.618623668444343e-05, 0.0002920528349932283, 0.0014100492699071765, 0.0004970540176145732, 0.0002617425052449107, 0.9969459176063538, 0.0005570952198468149]"
482,5,5,"[0.0016190876485779881, 0.002487372839823365, 0.03837360441684723, 0.0013293621595948935, 0.03124568983912468, 0.9248906373977661, 5.431351382867433e-05]"
483,5,5,"[4.661955972551368e-05, 0.0003170329437125474, 0.0017039843369275331, 0.0006051990203559399, 0.00014762170030735433, 0.9970369338989258, 0.00014266754442360252]"
484,5,5,"[0.0004777288413606584, 0.0010770638473331928, 0.08695919066667557, 0.0004989898297935724, 0.28028246760368347, 0.6305152177810669, 0.00018925296899396926]"
485,5,2,"[0.06945706158876419, 0.1744856983423233, 0.5409319400787354, 0.059267498552799225, 0.02294083684682846, 0.1328442394733429, 7.272844231920317e-05]"
486,5,1,"[0.18680667877197266, 0.3211258351802826, 0.23519007861614227, 0.08954556286334991, 0.04608641564846039, 0.12076964229345322, 0.0004757546412292868]"
487,2,5,"[0.001512926071882248, 0.0038831797428429127, 0.3263622522354126, 0.0015825629234313965, 0.2344558984041214, 0.4321165084838867, 8.666970825288445e-05]"
488,5,5,"[4.138913209317252e-05, 0.00016703936853446066, 0.0032316227443516254, 0.00047333125257864594, 0.00036547420313581824, 0.9956976175308228, 2.3585020244354382e-05]"
489,1,5,"[0.011625505983829498, 0.19268523156642914, 0.03690928965806961, 0.03357388824224472, 0.010534277185797691, 0.7108851075172424, 0.003786631627008319]"
490,5,5,"[0.0006548010278493166, 0.001445156056433916, 0.026281405240297318, 0.0002593165263533592, 0.13437364995479584, 0.8365888595581055, 0.00039682257920503616]"
491,5,5,"[0.005286610219627619, 0.011826778762042522, 0.1571860909461975, 0.0020242477767169476, 0.38279685378074646, 0.44060128927230835, 0.0002780556387733668]"
492,5,5,"[0.00010977792408084497, 0.0004734499962069094, 0.0035197611432522535, 0.0007796664722263813, 0.00025773970992304385, 0.9948377013206482, 2.188807775382884e-05]"
493,4,5,"[0.007792703341692686, 0.013564287684857845, 0.1785934865474701, 0.0028460235334932804, 0.14474743604660034, 0.6523061394691467, 0.0001498827332397923]"
494,5,5,"[0.0022708952892571688, 0.0159780103713274, 0.2846149504184723, 0.006746991071850061, 0.027663644403219223, 0.662662148475647, 6.331197073450312e-05]"
495,4,5,"[0.00043243501568213105, 0.0018584784120321274, 0.0683336853981018, 0.00045406061690300703, 0.21721169352531433, 0.7112769484519958, 0.0004327518690843135]"
496,5,5,"[4.929711576551199e-05, 0.0002596986305434257, 0.001826917170546949, 0.0006237071938812733, 0.00014742009807378054, 0.9968752861022949, 0.0002177803253289312]"
497,5,5,"[0.00019053375581279397, 0.0007338064024224877, 0.005053628236055374, 0.0028433436527848244, 0.00024953734828159213, 0.9908225536346436, 0.00010653273784555495]"
498,5,5,"[0.009244373999536037, 0.015383130870759487, 0.11128797382116318, 0.0029788760002702475, 0.14435556530952454, 0.7164188027381897, 0.00033133343094959855]"
499,5,5,"[4.086365515831858e-05, 0.00023345722001977265, 0.0013144518015906215, 0.0005054700886830688, 0.00019023519416805357, 0.9976080656051636, 0.00010748493514256552]"
500,5,5,"[2.4927199774538167e-05, 0.00013794501137454063, 0.0012913723476231098, 0.0003982472117058933, 0.00022497898316942155, 0.9977834820747375, 0.00013908422261010855]"
501,5,5,"[0.007358738221228123, 0.02720876783132553, 0.051471810787916183, 0.034834038466215134, 0.005155524238944054, 0.873176634311676, 0.0007944015087559819]"
502,5,5,"[0.00034645627602003515, 0.0006269158911891282, 0.06297077983617783, 0.00046026299241930246, 0.08784841746091843, 0.8477187156677246, 2.838299587892834e-05]"
503,5,5,"[0.0005247700028121471, 0.0021549700759351254, 0.034069597721099854, 0.0006040495354682207, 0.11287971585988998, 0.849380373954773, 0.0003864223253913224]"
504,5,4,"[0.0010027482639998198, 0.0022447057999670506, 0.052890844643116, 0.0004817344597540796, 0.7185021638870239, 0.2192690074443817, 0.00560888322070241]"
505,5,5,"[4.128960790694691e-05, 0.00015690199506934732, 0.0018147765658795834, 0.0005125413881614804, 0.00024395360378548503, 0.9971777200698853, 5.279143078951165e-05]"
506,5,5,"[0.0003193884331267327, 0.0020476251374930143, 0.06159401312470436, 0.00036877187085337937, 0.10594035685062408, 0.8295496702194214, 0.00018014857778325677]"
507,5,5,"[7.084998651407659e-05, 0.0008127407636493444, 0.05276179686188698, 0.00031472687260247767, 0.028366034850478172, 0.917568564414978, 0.00010541937808739021]"
508,5,5,"[0.00013910654524806887, 0.000379050150513649, 0.0029480999801307917, 0.0014771699206903577, 0.00022979606001172215, 0.9947604537010193, 6.631595897488296e-05]"
509,1,1,"[0.1991294026374817, 0.3425062596797943, 0.29250574111938477, 0.04742651805281639, 0.0408853217959404, 0.07677329331636429, 0.0007734376704320312]"
510,5,2,"[0.023681651800870895, 0.024064267054200172, 0.3316795229911804, 0.006932632531970739, 0.29209771752357483, 0.3214558959007263, 8.834721666062251e-05]"
511,5,5,"[4.014580918010324e-05, 0.0001835587463574484, 0.0012841606512665749, 0.0005013608024455607, 0.00018564652418717742, 0.9976900815963745, 0.0001151899850810878]"
512,4,5,"[0.001445216592401266, 0.001619380316697061, 0.013248559087514877, 0.00033532982342876494, 0.043523743748664856, 0.9396024346351624, 0.000225215801037848]"
513,5,5,"[0.06590510159730911, 0.21390728652477264, 0.24904786050319672, 0.055087894201278687, 0.06537759304046631, 0.35031986236572266, 0.00035438864142633975]"
514,5,1,"[0.07980857789516449, 0.43075504899024963, 0.14869359135627747, 0.07082729786634445, 0.01752493903040886, 0.249909445643425, 0.0024810247123241425]"
515,5,5,"[0.0020504549611359835, 0.004571552854031324, 0.07824865728616714, 0.0013458168832585216, 0.10627049952745438, 0.807468593120575, 4.441379860509187e-05]"
516,5,5,"[7.056177855702117e-05, 0.0002454084169585258, 0.0034107898827642202, 0.0008534708176739514, 0.00028194067999720573, 0.9951034784317017, 3.430141441640444e-05]"
517,5,4,"[0.0004883656511083245, 0.0008669372764416039, 0.0331585630774498, 0.00030263743246905506, 0.6877343654632568, 0.2691654860973358, 0.008283650502562523]"
518,5,5,"[0.0006408474873751402, 0.004166427534073591, 0.036696385592222214, 0.0006770726176910102, 0.35377001762390137, 0.569168746471405, 0.03488050028681755]"
519,5,5,"[0.015280219726264477, 0.033551644533872604, 0.09619786590337753, 0.004746232647448778, 0.07132577151060104, 0.7787455320358276, 0.00015276264457497746]"
520,5,1,"[0.12416540086269379, 0.6000487208366394, 0.1407150775194168, 0.08640099316835403, 0.004752328619360924, 0.04135528579354286, 0.0025622276589274406]"
521,5,2,"[0.02567422389984131, 0.0429307296872139, 0.3846086263656616, 0.00942261517047882, 0.3114253580570221, 0.22571206092834473, 0.00022634826018474996]"
522,0,0,"[0.392128050327301, 0.28172487020492554, 0.16635555028915405, 0.05232859402894974, 0.06827211380004883, 0.033543143421411514, 0.005647661164402962]"
523,5,5,"[0.0003712864709086716, 0.003748037153854966, 0.047269005328416824, 0.0005801155348308384, 0.11240600794553757, 0.8315737247467041, 0.004051842726767063]"
524,5,4,"[0.0007708999328315258, 0.003668567631393671, 0.09073223173618317, 0.0007465731468982995, 0.5381831526756287, 0.3605659008026123, 0.005332669708877802]"
525,5,5,"[0.0015300712548196316, 0.010977201163768768, 0.13484804332256317, 0.0015275473706424236, 0.3760586082935333, 0.46757131814956665, 0.007487253285944462]"
526,2,4,"[0.0002485115546733141, 0.00047739906585775316, 0.029505757614970207, 0.0001849047257564962, 0.5626517534255981, 0.4037679433822632, 0.0031636985950171947]"
527,3,2,"[0.2502799928188324, 0.16774290800094604, 0.42224839329719543, 0.10138551145792007, 0.02594797872006893, 0.032144945114851, 0.0002502964052837342]"
528,5,5,"[1.8185030057793483e-05, 9.156865417025983e-05, 0.0018691339064389467, 0.0001892409782158211, 0.0003988418902736157, 0.9973859190940857, 4.708702545030974e-05]"
529,5,4,"[0.0002745305246207863, 0.0004523522511590272, 0.02208818681538105, 0.00032785962685011327, 0.5300406813621521, 0.4384237825870514, 0.008392546325922012]"
530,5,5,"[0.0012096305144950747, 0.004483269527554512, 0.023645708337426186, 0.0006160002667456865, 0.08309517800807953, 0.8844712376594543, 0.0024790531024336815]"
531,2,2,"[0.22991830110549927, 0.11754580587148666, 0.411190927028656, 0.0636904239654541, 0.09213810414075851, 0.08533631265163422, 0.00018011871725320816]"
532,2,5,"[7.525658293161541e-05, 0.00029432354494929314, 0.0007796686259098351, 0.0002026888105319813, 0.0005758600891567767, 0.9979287385940552, 0.00014344745432026684]"
533,5,5,"[0.01702805422246456, 0.22506903111934662, 0.041474346071481705, 0.029162906110286713, 0.029716970399022102, 0.6509923338890076, 0.00655629625543952]"
534,5,5,"[5.4899504903005436e-05, 0.0001907054684124887, 0.0026451239828020334, 0.0002464475983288139, 0.00037992920260876417, 0.9964622855186462, 2.0634624888771214e-05]"
535,2,2,"[0.015837162733078003, 0.02239953726530075, 0.5218462347984314, 0.011122440919280052, 0.18947166204452515, 0.23926986753940582, 5.3146057325648144e-05]"
536,2,5,"[0.006117732264101505, 0.012877793051302433, 0.2098090499639511, 0.003754723584279418, 0.1908317506313324, 0.5765292644500732, 7.966861448949203e-05]"
537,2,1,"[0.11580930650234222, 0.5789440274238586, 0.0838482528924942, 0.07190209627151489, 0.014313874766230583, 0.13223552703857422, 0.002946955617517233]"
538,5,5,"[8.967638859758154e-05, 0.0004122038371860981, 0.002257070504128933, 0.001144148875027895, 0.0001522711245343089, 0.9958235025405884, 0.00012113316188333556]"
539,0,1,"[0.14541193842887878, 0.44538360834121704, 0.13991214334964752, 0.1103593036532402, 0.002844601171091199, 0.15452991425991058, 0.001558495219796896]"
540,5,5,"[0.001290454063564539, 0.0037967388052493334, 0.06185641139745712, 0.000768166093621403, 0.06636492162942886, 0.8658722639083862, 5.101985516375862e-05]"
541,1,1,"[0.09931788593530655, 0.5019501447677612, 0.03375425934791565, 0.09182024002075195, 0.04090527817606926, 0.035570789128541946, 0.196681410074234]"
542,2,2,"[0.25394660234451294, 0.15292075276374817, 0.45947280526161194, 0.0643761157989502, 0.04621509090065956, 0.02291104942560196, 0.0001575142377987504]"
543,2,2,"[0.03372320905327797, 0.07983902096748352, 0.6042618155479431, 0.027944259345531464, 0.0791444256901741, 0.17502182722091675, 6.545701762661338e-05]"
544,1,1,"[0.08191519230604172, 0.6272371411323547, 0.06869911402463913, 0.06584885716438293, 0.007557367440313101, 0.13740554451942444, 0.011336867697536945]"
545,5,5,"[5.0594830099726096e-05, 0.00031068167299963534, 0.0008525641169399023, 0.0007294293027371168, 0.0001481662766309455, 0.9970864653587341, 0.0008220034069381654]"
546,5,5,"[0.015521707944571972, 0.037679966539144516, 0.14163526892662048, 0.054710257798433304, 0.00936629343777895, 0.7397691011428833, 0.0013173517072573304]"
547,5,2,"[0.008897040970623493, 0.017108943313360214, 0.5506835579872131, 0.009139308705925941, 0.13215643167495728, 0.28197914361953735, 3.5510067391442135e-05]"
548,5,5,"[0.0001310619991272688, 0.000398436764953658, 0.002932113129645586, 0.0014765470987185836, 0.00020011802553199232, 0.9948047995567322, 5.686705480911769e-05]"
549,5,5,"[0.00014694569108542055, 0.0004031031858175993, 0.08077103644609451, 0.0002584620378911495, 0.11986326426267624, 0.7984592318534851, 9.794015932129696e-05]"
550,4,2,"[0.01950303465127945, 0.03916669636964798, 0.7723844647407532, 0.022278394550085068, 0.050310734659433365, 0.09630746394395828, 4.913948941975832e-05]"
551,5,5,"[5.494376091519371e-05, 0.00021491215738933533, 0.002232973463833332, 0.000704629928804934, 0.00021957539138384163, 0.9965316653251648, 4.134431219426915e-05]"
552,5,5,"[0.0006796392262913287, 0.0015785297146067023, 0.05831585079431534, 0.0005121606518514454, 0.20809566974639893, 0.7305434346199036, 0.0002747416729107499]"
553,2,5,"[0.0017250688979402184, 0.008551805280148983, 0.1573488712310791, 0.0013801867607980967, 0.39482393860816956, 0.43486741185188293, 0.0013027607928961515]"
554,5,5,"[3.591308632167056e-05, 0.00023626626352779567, 0.00939520075917244, 0.0002769362472463399, 0.005232613999396563, 0.9844912886619568, 0.00033172802068293095]"
555,5,5,"[2.573167694208678e-05, 0.00011118729162262753, 0.002160897944122553, 0.00013906539243180305, 0.0009410658967681229, 0.9964200258255005, 0.00020201157894916832]"
556,1,1,"[0.11383314430713654, 0.4849165380001068, 0.13605330884456635, 0.03977226838469505, 0.017402498051524162, 0.20602262020111084, 0.0019996140617877245]"
557,5,5,"[0.00019528435950633138, 0.0007225450244732201, 0.0032981405965983868, 0.0018486445769667625, 0.00013828440569341183, 0.9937188625335693, 7.826180080883205e-05]"
558,5,5,"[0.00017649320943746716, 0.0006845943862572312, 0.046793997287750244, 0.0004185597936157137, 0.07181552797555923, 0.8800193071365356, 9.144549403572455e-05]"
559,5,5,"[0.0017729067476466298, 0.016557591035962105, 0.06481687724590302, 0.0034962764475494623, 0.13059158623218536, 0.7788376808166504, 0.003927132580429316]"
560,5,1,"[0.06159338727593422, 0.5589147806167603, 0.05800529941916466, 0.14328224956989288, 0.011531506665050983, 0.1626104861497879, 0.004062253050506115]"
561,5,2,"[0.0238772202283144, 0.03420665115118027, 0.6733877658843994, 0.014138935133814812, 0.1162760853767395, 0.13808120787143707, 3.214022217434831e-05]"
562,2,2,"[0.031311847269535065, 0.04769854620099068, 0.8048896193504333, 0.03535378724336624, 0.022479912266135216, 0.05824252963066101, 2.370610491198022e-05]"
563,2,2,"[0.1962549239397049, 0.09207403659820557, 0.5948561429977417, 0.06756240129470825, 0.034534502774477005, 0.014563177712261677, 0.00015478115528821945]"
564,5,5,"[1.8989359887200408e-05, 0.00010187141015194356, 0.0013798378640785813, 0.00023338376195169985, 0.0003371396742295474, 0.9977898597717285, 0.00013894536823499948]"
565,5,5,"[0.0006263186223804951, 0.001956780208274722, 0.048662953078746796, 0.00045002764090895653, 0.09130749106407166, 0.8568991422653198, 9.726471762405708e-05]"
566,1,1,"[0.09159038215875626, 0.516312301158905, 0.21719828248023987, 0.05952192842960358, 0.01173441018909216, 0.10256686061620712, 0.0010757871204987168]"
567,1,1,"[0.26590701937675476, 0.5047817826271057, 0.11897589266300201, 0.06855182349681854, 0.015140378847718239, 0.024233875796198845, 0.0024092174135148525]"
568,5,5,"[0.0014245165511965752, 0.0025784135796129704, 0.10003167390823364, 0.0009270712616853416, 0.33276426792144775, 0.5621320605278015, 0.0001419389882357791]"
569,2,5,"[0.005108632147312164, 0.01734159141778946, 0.40630605816841125, 0.007136906497180462, 0.10024064034223557, 0.4638266861438751, 3.950706741306931e-05]"
570,5,5,"[0.0006697141216136515, 0.0024444672744721174, 0.0019288751063868403, 0.0064294119365513325, 0.00018493877723813057, 0.9822362661361694, 0.006106353830546141]"
571,5,5,"[5.164784306543879e-05, 0.00017843666137196124, 0.002609824761748314, 0.0005124164745211601, 0.0002837347565218806, 0.9963324666023254, 3.1523195502813905e-05]"
572,5,5,"[0.00019614648772403598, 0.0008967767935246229, 0.0037684880662709475, 0.002031726762652397, 0.0002495165972504765, 0.9926779270172119, 0.00017945576109923422]"
573,2,5,"[0.05945152789354324, 0.3175734579563141, 0.1000446155667305, 0.06885000318288803, 0.03048546239733696, 0.4175295829772949, 0.006065317429602146]"
574,5,5,"[0.11011793464422226, 0.22889256477355957, 0.08177653700113297, 0.034498874098062515, 0.014491693116724491, 0.5293869972229004, 0.0008354179444722831]"
575,5,5,"[3.4591244912007824e-05, 0.00018580429605208337, 0.0015878850826993585, 0.000498018751386553, 0.00018163259665016085, 0.9973902106285095, 0.00012181659258203581]"
576,5,5,"[0.0015454363310709596, 0.00444704620167613, 0.03581948205828667, 0.0010611012112349272, 0.20969903469085693, 0.7453945875167847, 0.002033291384577751]"
577,5,5,"[0.0025881475303322077, 0.004372531548142433, 0.02585243433713913, 0.0005526266759261489, 0.20998582243919373, 0.754447340965271, 0.0022010512184351683]"
578,1,1,"[0.16294845938682556, 0.6125657558441162, 0.10566863417625427, 0.06435874849557877, 0.00770752876996994, 0.04440112039446831, 0.002349716378375888]"
579,5,5,"[2.236953514511697e-05, 0.00010749106149887666, 0.0010895314626395702, 0.00015114080451894552, 0.00040576994069851935, 0.998140811920166, 8.292564598377794e-05]"
580,5,5,"[2.448935447318945e-05, 9.660174691816792e-05, 0.005116735585033894, 0.0001628846803214401, 0.0020970841869711876, 0.9924179315567017, 8.423616964137182e-05]"
581,5,5,"[3.829921843134798e-05, 0.00023485471319872886, 0.00083350227214396, 0.0005378924543038011, 0.00016262001008726656, 0.9977319240570068, 0.0004608401795849204]"
582,5,5,"[0.004795849788933992, 0.017432810738682747, 0.03613632917404175, 0.0016433518612757325, 0.04120074212551117, 0.8984140753746033, 0.0003769554023165256]"
583,2,2,"[0.01834494061768055, 0.07307105511426926, 0.7045572400093079, 0.025015583261847496, 0.06930165737867355, 0.10958486050367355, 0.00012461157166399062]"
584,5,5,"[3.960909089073539e-05, 0.00015881047875154763, 0.002118903212249279, 0.0003397820401005447, 0.0002645588247105479, 0.9970496892929077, 2.8559359634527937e-05]"
585,5,5,"[6.829566700616851e-05, 0.0002983933954965323, 0.001531497691757977, 0.0010125187691301107, 0.00015980334137566388, 0.9967275857925415, 0.00020187861809972674]"
586,0,5,"[0.00486243050545454, 0.01047979760915041, 0.20475926995277405, 0.0022478459868580103, 0.37164199352264404, 0.405682772397995, 0.0003258812357671559]"
587,5,5,"[0.00102255679666996, 0.0027155266143381596, 0.13974495232105255, 0.0012783954152837396, 0.04210902750492096, 0.8131165504455566, 1.2947220966452733e-05]"
588,5,5,"[0.0003167835820931941, 0.0007685279124416411, 0.0031933910213410854, 0.0031362324953079224, 0.00017087579180952162, 0.9922295212745667, 0.00018471638031769544]"
589,5,5,"[0.01191902905702591, 0.06287078559398651, 0.20383715629577637, 0.01137081440538168, 0.0535733699798584, 0.6562016010284424, 0.00022718010586686432]"
590,4,4,"[0.0015079458244144917, 0.00405217707157135, 0.0651220977306366, 0.0007183908601291478, 0.6750341057777405, 0.24867814779281616, 0.004887108225375414]"
591,5,5,"[0.0043028867803514, 0.028958989307284355, 0.055126678198575974, 0.004203346557915211, 0.0413697212934494, 0.8648644089698792, 0.0011739421170204878]"
592,5,5,"[3.606285827117972e-05, 0.0002346841647522524, 0.0013819034211337566, 0.0006513927364721894, 0.00018764333799481392, 0.9972479939460754, 0.0002603513130452484]"
593,5,5,"[0.01959235407412052, 0.03777153789997101, 0.28169554471969604, 0.008970076218247414, 0.14180514216423035, 0.5100711584091187, 9.425442112842575e-05]"
594,5,5,"[0.0018762757536023855, 0.007842167280614376, 0.11369739472866058, 0.0012603766517713666, 0.40927383303642273, 0.46354469656944275, 0.0025052272249013186]"
595,4,5,"[0.00474218325689435, 0.03492918610572815, 0.20898200571537018, 0.006256122142076492, 0.1863844096660614, 0.5575382709503174, 0.0011677895672619343]"
596,5,5,"[3.785911758313887e-05, 0.00023544495343230665, 0.0011895062634721398, 0.0005482059204950929, 0.0001742047752486542, 0.997521698474884, 0.0002930352638941258]"
597,5,5,"[0.00015776876534800977, 0.0009471954545006156, 0.07333242893218994, 0.00036565717891789973, 0.09504888951778412, 0.8299389481544495, 0.00020909997692797333]"
598,4,5,"[0.0049822768196463585, 0.015357843600213528, 0.05127359926700592, 0.0015380302211269736, 0.11318732798099518, 0.8130130171775818, 0.0006480000447481871]"
599,4,5,"[0.0007363366894423962, 0.0014618723653256893, 0.012199237942695618, 0.0001868852850748226, 0.41375917196273804, 0.5670592784881592, 0.004597198683768511]"
600,3,0,"[0.40186795592308044, 0.20583540201187134, 0.24933096766471863, 0.11309338361024857, 0.012019282206892967, 0.015535240061581135, 0.002317793434485793]"
601,2,1,"[0.25272810459136963, 0.5634700655937195, 0.07864618301391602, 0.0655323714017868, 0.005796547047793865, 0.030369097366929054, 0.003457660088315606]"
602,4,5,"[0.0026259012520313263, 0.011644474230706692, 0.026323646306991577, 0.0009940677555277944, 0.2352740466594696, 0.7121129035949707, 0.011024960316717625]"
603,5,5,"[0.014428791590034962, 0.017829669639468193, 0.13013671338558197, 0.0048370142467319965, 0.2418752759695053, 0.5907796025276184, 0.00011294925207039341]"
604,4,2,"[0.08465996384620667, 0.06785029917955399, 0.7154265642166138, 0.03762856125831604, 0.06363241374492645, 0.030744776129722595, 5.7462726545054466e-05]"
605,2,2,"[0.11780395358800888, 0.15991316735744476, 0.5322396755218506, 0.05457128584384918, 0.0622679777443409, 0.0731036439538002, 0.00010036539606517181]"
606,5,2,"[0.026495223864912987, 0.027509838342666626, 0.8453452587127686, 0.024504993110895157, 0.02531144581735134, 0.05080527812242508, 2.790796679619234e-05]"
607,2,2,"[0.015587443485856056, 0.02909061126410961, 0.5400584936141968, 0.00953665841370821, 0.1391141414642334, 0.2665727436542511, 3.992537676822394e-05]"
608,5,5,"[0.10923191159963608, 0.15258531272411346, 0.18958275020122528, 0.02424532361328602, 0.08881344646215439, 0.4351675808429718, 0.00037364684976637363]"
609,4,4,"[0.001714771264232695, 0.002752450294792652, 0.10121185332536697, 0.0008720240439288318, 0.5575636625289917, 0.33558380603790283, 0.0003013982204720378]"
610,2,2,"[0.05100332945585251, 0.12484927475452423, 0.4151255190372467, 0.03309322148561478, 0.08422224223613739, 0.2915821075439453, 0.00012434461677912623]"
611,4,5,"[0.023099983111023903, 0.2918374240398407, 0.04845723137259483, 0.06119045242667198, 0.02928418293595314, 0.5242836475372314, 0.021847037598490715]"
612,5,5,"[0.00010198699601460248, 0.0004874035657849163, 0.0018021322321146727, 0.0008704231004230678, 0.00020624192256946117, 0.99639493227005, 0.0001369585661450401]"
613,1,5,"[0.05239906534552574, 0.24136030673980713, 0.17751017212867737, 0.02685691975057125, 0.039448563009500504, 0.4617283046245575, 0.0006967379013076425]"
614,5,4,"[0.0019369429210200906, 0.002602088963612914, 0.14184948801994324, 0.0009357430972158909, 0.6091439127922058, 0.2433777153491974, 0.0001541122910566628]"
615,5,5,"[2.7174275601282716e-05, 0.00014812494919169694, 0.001298799877986312, 0.00031926712836138904, 0.00022775644902139902, 0.9978793859481812, 9.955884161172435e-05]"
616,2,5,"[0.00046703300904482603, 0.0014290884137153625, 0.09049246460199356, 0.0011741080088540912, 0.02438528463244438, 0.8820440173149109, 8.089911716524512e-06]"
617,5,5,"[0.000749897095374763, 0.0020331633277237415, 0.0359882228076458, 0.0014353542355820537, 0.008952934294939041, 0.9507704973220825, 6.994059367571026e-05]"
618,5,2,"[0.060515619814395905, 0.09980049729347229, 0.5125037431716919, 0.024827508255839348, 0.1225401908159256, 0.17968709766864777, 0.00012538206647150218]"
619,4,5,"[0.002034253440797329, 0.0032315391581505537, 0.2209058403968811, 0.0013956481125205755, 0.35013630986213684, 0.4222136437892914, 8.269347017630935e-05]"
620,5,5,"[0.00021797585941385478, 0.0006117777666077018, 0.00326640740968287, 0.0018650892889127135, 0.00024221677449531853, 0.9937561750411987, 4.039441409986466e-05]"
621,5,5,"[4.030143463751301e-05, 0.0002890267060138285, 0.002219581976532936, 0.0007639956311322749, 0.0001699293206911534, 0.9962933659553528, 0.00022367910423781723]"
622,5,5,"[0.001965342089533806, 0.016218122094869614, 0.36365947127342224, 0.005104729440063238, 0.025202970951795578, 0.5877923965454102, 5.69467774766963e-05]"
623,5,5,"[0.0002760350762400776, 0.0007157234940677881, 0.016502441838383675, 0.0001564929698361084, 0.2433159053325653, 0.7371845841407776, 0.0018488516798242927]"
624,5,5,"[0.0024349146988242865, 0.009853081777691841, 0.1252773106098175, 0.0033443125430494547, 0.09242913126945496, 0.7665677070617676, 9.352310735266656e-05]"
625,5,5,"[0.0007250112830661237, 0.0029351534321904182, 0.18951287865638733, 0.0013176921056583524, 0.13191401958465576, 0.6735262870788574, 6.885673064971343e-05]"
626,2,2,"[0.0562780387699604, 0.29746079444885254, 0.37254053354263306, 0.09789479523897171, 0.022689620032906532, 0.15256226062774658, 0.0005739289917983115]"
627,5,5,"[2.503310861357022e-05, 0.0001932506711455062, 0.0013052839785814285, 0.0005015871720388532, 0.00022574509785044938, 0.9970820546150208, 0.0006670003640465438]"
628,5,5,"[8.820211223792285e-05, 0.00039119040593504906, 0.0015031039947643876, 0.0008195718983188272, 0.00015311881725210696, 0.9969117045402527, 0.00013318209676072001]"
629,5,5,"[0.00028094497974961996, 0.0003873149398714304, 0.061378080397844315, 0.00033970721415244043, 0.1463538259267807, 0.7911882996559143, 7.175170321715996e-05]"
630,5,5,"[0.00013643491547554731, 0.0006542421178892255, 0.0011882884427905083, 0.0014757836470380425, 0.00013833044795319438, 0.9952439665794373, 0.0011629806831479073]"
631,6,1,"[0.31880658864974976, 0.3682756721973419, 0.18771687150001526, 0.08273635059595108, 0.015363129787147045, 0.026216838508844376, 0.0008845057454891503]"
632,5,5,"[3.36005978169851e-05, 0.0001636798115214333, 0.0028135424945503473, 0.0004942433442920446, 0.00031096956809051335, 0.9961484670639038, 3.550934707163833e-05]"
633,5,5,"[0.00010250235936837271, 0.0004016005259472877, 0.0018180850893259048, 0.0015796972438693047, 0.0002329293783986941, 0.995250940322876, 0.0006142128841020167]"
634,5,4,"[0.01765129342675209, 0.023576049134135246, 0.2135067731142044, 0.005534171126782894, 0.37493351101875305, 0.3645106554031372, 0.000287531380308792]"
635,5,2,"[0.062072914093732834, 0.05149073898792267, 0.5103505849838257, 0.05593230202794075, 0.04642464965581894, 0.27370190620422363, 2.6881018129643053e-05]"
636,5,5,"[0.0007539503276348114, 0.0016448829555884004, 0.042089108377695084, 0.00030824029818177223, 0.35988396406173706, 0.5948960781097412, 0.00042383914114907384]"
637,5,5,"[0.0021690204739570618, 0.003347845980897546, 0.010972443968057632, 0.015608669258654118, 0.0003357663517817855, 0.9670966267585754, 0.00046955287689343095]"
638,5,5,"[0.0002995129325427115, 0.001221693935804069, 0.06254945695400238, 0.00035027830745093524, 0.4257248342037201, 0.5081050992012024, 0.0017491080798208714]"
639,1,1,"[0.19886958599090576, 0.4299623370170593, 0.1856437623500824, 0.06395387649536133, 0.024035727605223656, 0.0961001068353653, 0.0014345990493893623]"
640,0,0,"[0.3968348503112793, 0.2645445168018341, 0.19620880484580994, 0.09266006946563721, 0.030458519235253334, 0.018466154113411903, 0.0008270598482340574]"
641,2,5,"[0.0011068132007494569, 0.005601335316896439, 0.2663840353488922, 0.002450438914820552, 0.04754951223731041, 0.6768876910209656, 2.0234925614204258e-05]"
642,5,5,"[0.0556853823363781, 0.3093404173851013, 0.16289788484573364, 0.08220620453357697, 0.006965582258999348, 0.38261979818344116, 0.0002847248688340187]"
643,5,5,"[0.00203862227499485, 0.003417117288336158, 0.0115595618262887, 0.014845828525722027, 0.00028094302979297936, 0.9675726294517517, 0.0002851727185770869]"
644,5,4,"[0.0031697573140263557, 0.005811146926134825, 0.021123550832271576, 0.0006853864761069417, 0.678925633430481, 0.2638435661792755, 0.0264409389346838]"
645,1,5,"[0.001674884813837707, 0.005550983361899853, 0.0886278823018074, 0.0017710649408400059, 0.0990152359008789, 0.8030558824539185, 0.00030408514430746436]"
646,5,5,"[0.00010939508501905948, 0.00033405530848540366, 0.0096391336992383, 0.0005698625463992357, 0.0007530206930823624, 0.988579511642456, 1.5002977306721732e-05]"
647,5,5,"[3.294082489446737e-05, 0.0001620527618797496, 0.001521799829788506, 0.000448458333266899, 0.00018572070985101163, 0.9975274205207825, 0.00012159991456428543]"
648,5,5,"[8.63511668285355e-05, 0.0005884955171495676, 0.005714991129934788, 0.0012953855330124497, 0.0004011482233181596, 0.9918525815010071, 6.104806379880756e-05]"
649,5,5,"[3.094707790296525e-05, 0.00011809790157712996, 0.0011767444666475058, 0.0002475566870998591, 0.00028664377168752253, 0.9980794191360474, 6.052796743460931e-05]"
650,5,5,"[3.084506170125678e-05, 0.00017310162365902215, 0.0013071632711216807, 0.00039282473153434694, 0.0002297569444635883, 0.9976984858512878, 0.00016783202590886503]"
651,1,1,"[0.24894990026950836, 0.5202724933624268, 0.061981115490198135, 0.127513125538826, 0.0016328329220414162, 0.037057481706142426, 0.002593074692413211]"
652,2,2,"[0.007837988436222076, 0.02173648588359356, 0.6499476432800293, 0.00894083734601736, 0.07985495030879974, 0.2316465973854065, 3.5413959267316386e-05]"
653,3,2,"[0.047967974096536636, 0.06401011347770691, 0.4973675608634949, 0.021111203357577324, 0.12018665671348572, 0.24929983913898468, 5.660809256369248e-05]"
654,1,1,"[0.20628711581230164, 0.33678317070007324, 0.22841644287109375, 0.08389745652675629, 0.0526815727353096, 0.09144065529108047, 0.0004936156910844147]"
655,5,1,"[0.20399056375026703, 0.5039843916893005, 0.12211790680885315, 0.1068006157875061, 0.017170628532767296, 0.044321559369564056, 0.0016143295215442777]"
656,5,5,"[6.84681290294975e-05, 0.0003389315097592771, 0.004918913822621107, 0.0008942353306338191, 0.00036984714097343385, 0.9933613538742065, 4.824281859328039e-05]"
657,5,2,"[0.1334734708070755, 0.09446947276592255, 0.5413177609443665, 0.03932851180434227, 0.14693017303943634, 0.04436599463224411, 0.00011455784260760993]"
658,5,5,"[0.00021873813238926232, 0.0003526319342199713, 0.013420533388853073, 0.0006357761449180543, 0.004087860696017742, 0.9812755584716797, 8.860254638420884e-06]"
659,5,5,"[0.0030046592000871897, 0.0028718742541968822, 0.06379017978906631, 0.009044853039085865, 0.003747412469238043, 0.9175153374671936, 2.5673876734799705e-05]"
660,5,5,"[0.00087828713003546, 0.0017828516429290175, 0.07306743413209915, 0.000557352090254426, 0.43607139587402344, 0.487411767244339, 0.00023089323076419532]"
661,1,5,"[0.05790683999657631, 0.12049981951713562, 0.25755882263183594, 0.023542942479252815, 0.13905693590641022, 0.4009690582752228, 0.0004656241799239069]"
662,5,5,"[6.0586640756810084e-05, 0.0002786004915833473, 0.002120411954820156, 0.0008748079999350011, 0.000187158802873455, 0.9963456988334656, 0.0001326946949120611]"
663,5,5,"[0.0004726501938421279, 0.0009322838159278035, 0.03314398229122162, 0.0004047534894198179, 0.0445396788418293, 0.9203655123710632, 0.0001411588309565559]"
664,4,5,"[0.0006334466161206365, 0.00894446112215519, 0.08154681324958801, 0.001273685717023909, 0.05283992365002632, 0.8542763590812683, 0.00048528658226132393]"
665,5,2,"[0.001535522867925465, 0.01221462246030569, 0.42832955718040466, 0.002863016678020358, 0.16325487196445465, 0.39151492714881897, 0.0002874837373383343]"
666,5,5,"[4.1350485844304785e-05, 0.0002009357704082504, 0.0020819087512791157, 0.0005846479907631874, 0.0001941046502906829, 0.9968144297599792, 8.267285738838837e-05]"
667,5,5,"[0.0013025117805227637, 0.018694071099162102, 0.07488463073968887, 0.0037329262122511864, 0.06028598174452782, 0.8397783637046814, 0.00132167455740273]"
668,5,5,"[0.001216408796608448, 0.031384725123643875, 0.31972411274909973, 0.007241193205118179, 0.018206676468253136, 0.6218330264091492, 0.0003937982255592942]"
669,5,5,"[3.558898242772557e-05, 0.00016415723075624555, 0.001453824806958437, 0.0005067332531325519, 0.0002133447997039184, 0.9975516200065613, 7.480027852579951e-05]"
670,5,5,"[6.925174238858745e-05, 0.00026770783006213605, 0.0026430399157106876, 0.0006328883464448154, 0.0002968873595818877, 0.9960702657699585, 1.9849736418109387e-05]"
671,5,5,"[4.1150640754494816e-05, 0.00017718522576615214, 0.0017850814620032907, 0.00042255560401827097, 0.00025433360133320093, 0.9972783923149109, 4.140655801165849e-05]"
672,5,5,"[3.0868901376379654e-05, 8.783573866821826e-05, 0.002175587695091963, 0.00023183782468549907, 0.0006490671657957137, 0.9968026876449585, 2.2082016585045494e-05]"
673,5,5,"[0.000961609126534313, 0.005084925796836615, 0.022241152822971344, 0.000901751103810966, 0.38110125064849854, 0.39953818917274475, 0.19017106294631958]"
674,4,6,"[0.001612885040231049, 0.01029368955641985, 0.01678277552127838, 0.0020103396382182837, 0.10988540202379227, 0.2606678009033203, 0.5987471342086792]"
675,0,5,"[0.07841126620769501, 0.12820766866207123, 0.19443988800048828, 0.018252765759825706, 0.06769412755966187, 0.5126922726631165, 0.00030204118229448795]"
676,5,5,"[3.894355540978722e-05, 7.75502048782073e-05, 0.01328135933727026, 0.00015230421558953822, 0.017821695655584335, 0.9685709476470947, 5.7214387197745964e-05]"
677,5,5,"[2.7479036361910403e-05, 0.00015042493760120124, 0.0008914211066439748, 0.000297568243695423, 0.00021600561740342528, 0.998210072517395, 0.00020696314459200948]"
678,4,2,"[0.013482647947967052, 0.026539271697402, 0.47066035866737366, 0.007326564285904169, 0.15454751253128052, 0.3273909091949463, 5.2673163736471906e-05]"
679,5,5,"[2.5648812879808247e-05, 0.0001236448297277093, 0.0018366812728345394, 0.000258212152402848, 0.0002869988384190947, 0.997412383556366, 5.6414985010633245e-05]"
680,5,5,"[0.00026021190569736063, 0.0010769382352009416, 0.035681650042533875, 0.00023651430092286319, 0.2209894359111786, 0.7405487298965454, 0.0012065173359587789]"
681,2,2,"[0.10647628456354141, 0.040613338351249695, 0.3298385739326477, 0.019846685230731964, 0.3061716556549072, 0.19695089757442474, 0.00010260109411319718]"
682,5,5,"[0.001746094785630703, 0.004590615630149841, 0.11401788145303726, 0.0010967263951897621, 0.23528987169265747, 0.6431149840354919, 0.00014388155250344425]"
683,5,5,"[1.9502516806824133e-05, 7.58157329983078e-05, 0.002215793589130044, 0.00014644292241428047, 0.0008065022993832827, 0.9966855645179749, 5.030611646361649e-05]"
684,0,2,"[0.31006914377212524, 0.2381887435913086, 0.3226047456264496, 0.056224629282951355, 0.04862517490983009, 0.023747682571411133, 0.0005398528301157057]"
685,5,5,"[6.102454790379852e-05, 0.00022147275740280747, 0.0016826278297230601, 0.0006307805888354778, 0.00015588679525535554, 0.997157096862793, 9.115864668274298e-05]"
686,1,1,"[0.18232117593288422, 0.617966890335083, 0.05446720868349075, 0.12073201686143875, 0.0012722717365249991, 0.0196512620896101, 0.0035890848375856876]"
687,5,5,"[0.0002321805659448728, 0.0006040058797225356, 0.05119684711098671, 0.00023902702378109097, 0.1614518165588379, 0.7861068844795227, 0.00016923194925766438]"
688,1,1,"[0.04464172571897507, 0.6906586289405823, 0.025279594585299492, 0.09801176935434341, 0.00379943591542542, 0.05563250929117203, 0.08197633922100067]"
689,5,5,"[3.669147554319352e-05, 9.414945816388354e-05, 0.006742915604263544, 8.698620513314381e-05, 0.01756022311747074, 0.9753130674362183, 0.00016599446826148778]"
690,2,2,"[0.1860397458076477, 0.16293489933013916, 0.3648518919944763, 0.06894829124212265, 0.1670658141374588, 0.049538444727659225, 0.0006209166022017598]"
691,5,2,"[0.18206830322742462, 0.19475261867046356, 0.2619161903858185, 0.05861702561378479, 0.1092706099152565, 0.19309313595294952, 0.0002821277594193816]"
692,4,5,"[0.0020373305305838585, 0.0028144323732703924, 0.153853178024292, 0.0017377041513100266, 0.37786024808883667, 0.46157482266426086, 0.0001223064900841564]"
693,5,5,"[0.0034952014684677124, 0.005533256102353334, 0.007565545849502087, 0.021511489525437355, 0.00028355850372463465, 0.9606077671051025, 0.001003187382593751]"
694,0,1,"[0.37643155455589294, 0.40321075916290283, 0.11170696467161179, 0.0593583770096302, 0.009637975133955479, 0.03840789571404457, 0.0012463987804949284]"
695,5,5,"[1.4926936273695901e-05, 0.00010245138400932774, 0.001988597447052598, 0.00020097283413633704, 0.0004202224954497069, 0.9971646666526794, 0.00010806863429024816]"
696,5,5,"[1.3084903002891224e-05, 6.915157428011298e-05, 0.0019247278105467558, 0.00011053246271330863, 0.0006733816699124873, 0.9971502423286438, 5.8809309848584235e-05]"
697,5,5,"[0.00048585713375359774, 0.0010540563380345702, 0.0999767854809761, 0.00039134849794209003, 0.2230827808380127, 0.674909770488739, 9.941488679032773e-05]"
698,5,5,"[4.988900400348939e-05, 0.0002321055653737858, 0.0013956628972664475, 0.0006262730457819998, 0.00017397984629496932, 0.9974143505096436, 0.00010768761421786621]"
699,5,5,"[0.0003519546298775822, 0.0009919307194650173, 0.017864160239696503, 0.00019295956008136272, 0.11030817031860352, 0.8697966933250427, 0.000494141539093107]"
700,5,5,"[1.453749428037554e-05, 4.8179390432778746e-05, 0.0012134352000430226, 8.788779814494774e-05, 0.0011290161637589335, 0.9974257349967957, 8.117261313600466e-05]"
701,5,5,"[3.3911554055521265e-05, 0.0001329638616880402, 0.0014172359369695187, 0.000254228274570778, 0.0002636606805026531, 0.9978384375572205, 5.959933332633227e-05]"
702,0,1,"[0.21382197737693787, 0.5699456334114075, 0.09465372562408447, 0.06692180037498474, 0.007728432770818472, 0.045113131403923035, 0.0018152666743844748]"
703,0,0,"[0.46732214093208313, 0.15885014832019806, 0.24527586996555328, 0.05719999223947525, 0.048788782209157944, 0.022032249718904495, 0.0005308933323249221]"
704,5,5,"[0.00189811154268682, 0.0061994451098144054, 0.04072398692369461, 0.0010395944118499756, 0.0497293621301651, 0.9003210067749023, 8.851548045640811e-05]"
705,5,2,"[0.03580763190984726, 0.06775065511465073, 0.775353729724884, 0.038465600460767746, 0.021282512694597244, 0.06124778836965561, 9.20734164537862e-05]"
706,5,5,"[1.8072349121212028e-05, 8.698584861122072e-05, 0.0016518102493137121, 0.00018580940377432853, 0.0003739290696103126, 0.997612714767456, 7.076081965351477e-05]"
707,6,6,"[0.01527073048055172, 0.11179570853710175, 0.008216595277190208, 0.06687319278717041, 0.0012448923662304878, 0.2435462921857834, 0.5530526041984558]"
708,5,5,"[1.8471329894964583e-05, 0.00010206856677541509, 0.002058866200968623, 0.00029558781534433365, 0.0005849019507877529, 0.9968210458755493, 0.000119108306535054]"
709,5,5,"[1.5718022041255608e-05, 5.200214218348265e-05, 0.0021556755527853966, 0.00011471932521089911, 0.0010870142141357064, 0.9965468049049377, 2.7993377443635836e-05]"
710,3,2,"[0.22086201608181, 0.11509262770414352, 0.3730887770652771, 0.03819373995065689, 0.20763681828975677, 0.044804152101278305, 0.00032184706651605666]"
711,0,1,"[0.30942946672439575, 0.3732593357563019, 0.1818724423646927, 0.0759156122803688, 0.03079988621175289, 0.02774656191468239, 0.0009766746079549193]"
712,5,4,"[0.0007786527276039124, 0.001362126087769866, 0.04438114911317825, 0.0003970831457991153, 0.5657614469528198, 0.3865250051021576, 0.0007945374236442149]"
713,5,5,"[2.3905809939606115e-05, 0.00014063497656024992, 0.0023660040460526943, 0.0004065627290401608, 0.0003367351018823683, 0.9966476559638977, 7.846790686016902e-05]"
714,5,5,"[2.179893635911867e-05, 7.696487591601908e-05, 0.0010918851476162672, 0.0002141420845873654, 0.00034828405478037894, 0.9981485605239868, 9.835183300310746e-05]"
715,5,5,"[0.0003741157124750316, 0.003921508323401213, 0.04147402197122574, 0.0006259197252802551, 0.07918848097324371, 0.8736990094184875, 0.0007169634336605668]"
716,5,5,"[0.00011314122093608603, 0.00027366564609110355, 0.005452762357890606, 0.0008412377792410553, 0.0004454839217942208, 0.9928570985794067, 1.657879511185456e-05]"
717,5,5,"[3.492751420708373e-05, 0.00018221746722701937, 0.0016971988370642066, 0.0002860145759768784, 0.00025630457093939185, 0.9975005984306335, 4.286683179088868e-05]"
718,5,5,"[5.4568055929848924e-05, 0.0002528262266423553, 0.004066520370543003, 0.00046630861470475793, 0.00035640233545564115, 0.9947817921638489, 2.1644775188178755e-05]"
719,5,5,"[4.798917507287115e-05, 0.00023393823357764632, 0.001986744115129113, 0.0007756502600386739, 0.0001871671702247113, 0.9966668486595154, 0.00010167992149945349]"
720,5,5,"[3.665069380076602e-05, 0.00027493975358083844, 0.001243432518094778, 0.0008156869444064796, 0.00019031191186513752, 0.9968262910842896, 0.0006127645028755069]"
721,5,5,"[7.190561882453039e-05, 0.0001786770881153643, 0.0026770257391035557, 0.00030975526897236705, 0.0005573234520852566, 0.9961898326873779, 1.541795427328907e-05]"
722,5,5,"[4.89262820337899e-05, 0.0002188368234783411, 0.0012707685818895698, 0.0004976512864232063, 0.00017323407519143075, 0.9976794123649597, 0.00011119212285848334]"
723,5,5,"[0.001844637212343514, 0.002687057014554739, 0.02080547995865345, 0.00047556168283335865, 0.08612096309661865, 0.8879119157791138, 0.00015437476395163685]"
724,4,4,"[0.0033635487779974937, 0.005782483611255884, 0.19647470116615295, 0.0027238791808485985, 0.5354833602905273, 0.2551265060901642, 0.0010454495204612613]"
725,5,2,"[0.02818451263010502, 0.03054783307015896, 0.5307478904724121, 0.013609008863568306, 0.21071703732013702, 0.18614692986011505, 4.676335083786398e-05]"
726,5,5,"[0.003223348641768098, 0.012450587004423141, 0.05112693831324577, 0.0017373182345181704, 0.04303285852074623, 0.8881781101226807, 0.00025069696130231023]"
727,5,5,"[0.004753907676786184, 0.00491285091266036, 0.06845300644636154, 0.0008313237922266126, 0.2126387059688568, 0.7009397745132446, 0.007470478769391775]"
728,5,5,"[2.3284163034986705e-05, 6.719124939991161e-05, 0.0012035549152642488, 0.0001625667791813612, 0.0005274437717162073, 0.9979619979858398, 5.3982221288606524e-05]"
729,5,5,"[0.003309814725071192, 0.0036809633020311594, 0.23124070465564728, 0.00274743908084929, 0.0954379141330719, 0.6635263562202454, 5.682898699888028e-05]"
730,5,5,"[0.0003983418573625386, 0.0012877273838967085, 0.028289243578910828, 0.000260991946561262, 0.2491564005613327, 0.7201146483421326, 0.0004926863475702703]"
731,5,5,"[0.00010734151874203235, 0.0004822771006729454, 0.002768791513517499, 0.0012338731903582811, 0.00015159929171204567, 0.9951668977737427, 8.928123861551285e-05]"
732,5,5,"[0.0005797279882244766, 0.0010908085387200117, 0.027755385264754295, 0.0018503298051655293, 0.002477711997926235, 0.9662401676177979, 5.920281182625331e-06]"
733,4,4,"[0.0010763808386400342, 0.0013070148415863514, 0.06427120417356491, 0.000506063865032047, 0.7050584554672241, 0.22733446955680847, 0.00044635916128754616]"
734,5,5,"[8.73477038112469e-05, 0.0005526718450710177, 0.005771970842033625, 0.00042532722000032663, 0.0020416623447090387, 0.9904534816741943, 0.0006675777258351445]"
735,2,2,"[0.26667165756225586, 0.3006153702735901, 0.314003586769104, 0.06868930906057358, 0.02606421336531639, 0.02314360998570919, 0.0008123210864141583]"
736,1,1,"[0.25687456130981445, 0.4376017153263092, 0.1693311333656311, 0.06654434651136398, 0.013894371688365936, 0.05465403199195862, 0.0010999154765158892]"
737,5,5,"[3.069899685215205e-05, 0.0001485209504608065, 0.0010643622372299433, 0.0004080499056726694, 0.0002180347073590383, 0.9979521632194519, 0.00017819623462855816]"
738,5,5,"[4.839350367547013e-05, 0.0001905531098600477, 0.001862603472545743, 0.0005739739281125367, 0.0002469202154316008, 0.9969689249992371, 0.00010874248982872814]"
739,0,0,"[0.3484077453613281, 0.33653733134269714, 0.16385076940059662, 0.04869747534394264, 0.03864472731947899, 0.06322646141052246, 0.00063558534020558]"
740,5,5,"[0.0011397481430321932, 0.0012510011438280344, 0.028728045523166656, 0.00035060991649515927, 0.1636718511581421, 0.8047035336494446, 0.0001551871537230909]"
741,5,5,"[0.00036651347181759775, 0.00167205766774714, 0.03358124941587448, 0.00023141410201787949, 0.14868396520614624, 0.8149433732032776, 0.0005215149139985442]"
742,4,5,"[0.01795274019241333, 0.025930140167474747, 0.19053365290164948, 0.0072983670979738235, 0.13166426122188568, 0.6265552043914795, 6.558537279488519e-05]"
743,5,5,"[4.7138917580014095e-05, 0.00021192303393036127, 0.001138560357503593, 0.0006337484228424728, 0.00018808082677423954, 0.9975646734237671, 0.0002159637660952285]"
744,5,5,"[6.527928780997172e-05, 0.00029285065829753876, 0.0030373285990208387, 0.0009970790706574917, 0.0002358693309361115, 0.9953163862228394, 5.525939559447579e-05]"
745,2,2,"[0.009765629656612873, 0.026882190257310867, 0.5137092471122742, 0.009950118139386177, 0.1926172524690628, 0.24695460498332977, 0.00012092751421732828]"
746,4,5,"[0.005311319604516029, 0.009125346317887306, 0.037806522101163864, 0.001331954961642623, 0.13822875916957855, 0.8078349828720093, 0.00036107515916228294]"
747,1,1,"[0.09004286676645279, 0.6581369042396545, 0.11114567518234253, 0.09287559986114502, 0.007148373406380415, 0.03591525927186012, 0.004735284950584173]"
748,5,5,"[4.572458055918105e-05, 0.00024997067521326244, 0.0011542702559381723, 0.0004746121121570468, 0.00015738817455712706, 0.9977419376373291, 0.00017616305558476597]"
749,5,5,"[1.4283749806054402e-05, 6.268885044846684e-05, 0.0033677169121801853, 0.00011364970850991085, 0.0010241583222523332, 0.9953808784484863, 3.671669037430547e-05]"
750,5,5,"[9.02352185221389e-05, 0.0003042930329684168, 0.0030291832517832518, 0.001355681917630136, 0.00022413487022276968, 0.9949094653129578, 8.705007348908111e-05]"
751,4,5,"[0.0005478443345054984, 0.0013877557357773185, 0.028267065063118935, 0.0008774353191256523, 0.007147925440222025, 0.9617614150047302, 1.0589129487925675e-05]"
752,5,5,"[2.9685854315175675e-05, 0.00015338881348725408, 0.001093988073989749, 0.0003228116256650537, 0.0002236104046460241, 0.9980430603027344, 0.00013352946552913636]"
753,5,5,"[0.002588254166767001, 0.013924186117947102, 0.3543209135532379, 0.0036455250810831785, 0.21645179390907288, 0.40879181027412415, 0.00027751721790991724]"
754,5,5,"[0.051082953810691833, 0.03285117819905281, 0.34980764985084534, 0.04919714108109474, 0.013663286343216896, 0.503373384475708, 2.436695467622485e-05]"
755,1,1,"[0.36347252130508423, 0.460008442401886, 0.07325352728366852, 0.07444756478071213, 0.00539971562102437, 0.021037960425019264, 0.0023802712094038725]"
756,2,1,"[0.09515281766653061, 0.5153083205223083, 0.10656235367059708, 0.1340203583240509, 0.041135456413030624, 0.09445363283157349, 0.01336707454174757]"
757,6,5,"[0.0006023888126946986, 0.008165580220520496, 0.001870507374405861, 0.009370503947138786, 0.000619561062194407, 0.8816443681716919, 0.09772709012031555]"
758,3,5,"[0.008219857700169086, 0.009110335260629654, 0.04637167602777481, 0.03187287598848343, 0.0008125642780214548, 0.9035065174102783, 0.00010609611490508541]"
759,5,4,"[0.0011927180457860231, 0.0016052685678005219, 0.10191179066896439, 0.0006637937622144818, 0.5391818881034851, 0.3550533652305603, 0.0003911687817890197]"
760,2,2,"[0.33612513542175293, 0.11025969684123993, 0.41173475980758667, 0.05271933227777481, 0.05713428929448128, 0.03159632533788681, 0.00043049544910900295]"
761,4,5,"[0.001129360869526863, 0.0013151181628927588, 0.11737388372421265, 0.0010490082204341888, 0.16700135171413422, 0.7120813727378845, 4.9789952754508704e-05]"
762,2,2,"[0.023634392768144608, 0.057982370257377625, 0.4316698908805847, 0.021215615794062614, 0.08638583868741989, 0.3790353536605835, 7.650424959138036e-05]"
763,5,5,"[0.0020985747687518597, 0.013480610214173794, 0.036165665835142136, 0.0008560115238651633, 0.06771530956029892, 0.876768946647644, 0.0029147788882255554]"
764,5,5,"[7.366597128566355e-05, 0.0005470233736559749, 0.007615969516336918, 0.0002681604528333992, 0.020951569080352783, 0.9698283672332764, 0.0007152623729780316]"
765,1,5,"[0.022565197199583054, 0.10983292013406754, 0.14698967337608337, 0.018581373617053032, 0.12100864946842194, 0.580036461353302, 0.000985747785307467]"
766,5,5,"[0.0009749492164701223, 0.002390075009316206, 0.003867493011057377, 0.01165995467454195, 0.00030823363340459764, 0.9772313833236694, 0.0035677673295140266]"
767,5,5,"[0.0015376268420368433, 0.001276582945138216, 0.038794416934251785, 0.00034059485187754035, 0.3710048794746399, 0.5868127942085266, 0.000233103331993334]"
768,5,4,"[0.005353926680982113, 0.006036247126758099, 0.24135595560073853, 0.0021730551961809397, 0.496173620223999, 0.24878843128681183, 0.00011868964065797627]"
769,5,5,"[0.0007300317520275712, 0.002070096554234624, 0.10655476897954941, 0.0013465725351125002, 0.0240126084536314, 0.8652780652046204, 7.793326403771061e-06]"
770,5,5,"[3.3497119147796184e-05, 0.0001407843956258148, 0.0023029898293316364, 0.00029227312188595533, 0.00039118953282013535, 0.9968039989471436, 3.52218521584291e-05]"
771,4,4,"[0.0008379586506634951, 0.0015182503266260028, 0.019878029823303223, 0.00028403615579009056, 0.5182855129241943, 0.45403042435646057, 0.005165766458958387]"
772,5,5,"[9.631872671889141e-05, 0.0003273289476055652, 0.001714605838060379, 0.0012341506080701947, 0.0001852259156294167, 0.9963034391403198, 0.0001388961827615276]"
773,5,5,"[3.3800912206061184e-05, 0.00016207332373596728, 0.0020183734595775604, 0.00034390398650430143, 0.00023431648151017725, 0.9971432089805603, 6.44231477053836e-05]"
774,4,4,"[0.001765860477462411, 0.005001830402761698, 0.07871881872415543, 0.0012927785282954574, 0.6503062844276428, 0.2603122889995575, 0.0026021096855401993]"
775,5,5,"[4.412298585521057e-05, 0.00021082685270812362, 0.0016194081399589777, 0.00047401763731613755, 0.00019672862254083157, 0.9973801970481873, 7.464334339601919e-05]"
776,5,5,"[3.5814700822811574e-05, 0.00019826582865789533, 0.0010063566733151674, 0.0004077126504853368, 0.00017519472748972476, 0.9979478716850281, 0.00022882585471961647]"
777,2,2,"[0.014937843196094036, 0.06698479503393173, 0.7628852725028992, 0.03526875376701355, 0.012320758774876595, 0.10746738314628601, 0.00013518574996851385]"
778,5,5,"[2.9063967303954996e-05, 0.0001611615007277578, 0.0019648729357868433, 0.0003857931005768478, 0.00023032496392261237, 0.9971269965171814, 0.00010168361040996388]"
779,5,5,"[6.289542216109112e-05, 0.00035341570037417114, 0.0010372755350545049, 0.0006290758028626442, 0.00018348994490224868, 0.9971781969070435, 0.0005556264659389853]"
780,5,5,"[2.9600920242955908e-05, 0.00019607537251431495, 0.0012519006850197911, 0.0005092807114124298, 0.0002390673034824431, 0.9972959160804749, 0.00047821307089179754]"
781,5,5,"[5.638677976094186e-05, 0.00021009932970628142, 0.002860049717128277, 0.0006909156800247729, 0.0002685628132894635, 0.9958863854408264, 2.756600224529393e-05]"
782,5,5,"[0.0009485780610702932, 0.004069984890520573, 0.2984868586063385, 0.0016403939807787538, 0.25220462679862976, 0.4423091411590576, 0.0003404339659027755]"
783,0,1,"[0.2753879725933075, 0.4213450849056244, 0.1342732310295105, 0.10351038724184036, 0.015739334747195244, 0.03061973862349987, 0.019124357029795647]"
784,5,5,"[0.0048707700334489346, 0.03054208867251873, 0.019996818155050278, 0.002045751316472888, 0.15193799138069153, 0.7713410258293152, 0.019265657290816307]"
785,5,5,"[0.0002480086695868522, 0.0014159916900098324, 0.0035296452697366476, 0.0026616696268320084, 0.00013645298895426095, 0.9916540384292603, 0.00035415729507803917]"
786,5,5,"[0.0002122994337696582, 0.0007098805508576334, 0.035690050572156906, 0.0001878034818219021, 0.2075161337852478, 0.7550491094589233, 0.000634687312413007]"
787,5,4,"[0.0010899315821006894, 0.003535749390721321, 0.12968125939369202, 0.0009369079489260912, 0.6341404914855957, 0.22907279431819916, 0.0015428179176524282]"
788,5,4,"[0.0022265296429395676, 0.006408996880054474, 0.24548552930355072, 0.001791693619452417, 0.4206712245941162, 0.32316160202026367, 0.00025448217638768256]"
789,2,2,"[0.022612661123275757, 0.044524554163217545, 0.7050939202308655, 0.01753174513578415, 0.08821266889572144, 0.12197481840848923, 4.9559897888684645e-05]"
790,5,5,"[0.0006207483820617199, 0.0019724916201084852, 0.01147005707025528, 0.00020029052393510938, 0.06210778281092644, 0.9229859113693237, 0.0006427685148082674]"
791,5,4,"[0.028273439034819603, 0.016423331573605537, 0.05776958540081978, 0.0027801962569355965, 0.6487618684768677, 0.24278806149959564, 0.0032034856267273426]"
792,1,1,"[0.2567799687385559, 0.5544427037239075, 0.07871592044830322, 0.06593203544616699, 0.009916819632053375, 0.03139316663146019, 0.0028193932957947254]"
793,5,5,"[0.000647653010673821, 0.0026605112943798304, 0.010199370793998241, 0.002620282117277384, 0.0023601416032761335, 0.9814198017120361, 9.221272921422496e-05]"
794,5,5,"[5.032809349359013e-05, 0.00015327089931815863, 0.0023656405974179506, 0.00035990768810734153, 0.00040724544669501483, 0.9966398477554321, 2.3744416466797702e-05]"
795,5,5,"[0.002418017480522394, 0.006364857777953148, 0.10565932095050812, 0.0022584854159504175, 0.09571811556816101, 0.7875202298164368, 6.0974743973929435e-05]"
796,5,5,"[0.0006322519038803875, 0.001590838422998786, 0.003105414565652609, 0.006720419507473707, 0.00019320033607073128, 0.9870880842208862, 0.0006698576617054641]"
797,6,6,"[0.000852466793730855, 0.012201233766973019, 0.0009124934440478683, 0.007359015755355358, 0.0008576677646487951, 0.2674930691719055, 0.7103240489959717]"
798,0,2,"[0.02193746715784073, 0.06891509145498276, 0.677699863910675, 0.024035563692450523, 0.044948939234018326, 0.16238978505134583, 7.330652442760766e-05]"
799,5,5,"[3.220723010599613e-05, 0.00012707071437034756, 0.0024497646372765303, 0.0002515052619855851, 0.00034188671270385385, 0.9967696666717529, 2.7969452276010998e-05]"
800,2,2,"[0.052063699811697006, 0.1385548710823059, 0.4973883628845215, 0.03588894009590149, 0.13573046028614044, 0.14010027050971985, 0.00027340083033777773]"
801,4,5,"[0.009811448864638805, 0.03865206614136696, 0.012831700034439564, 0.008701493963599205, 0.0035503616090863943, 0.9234926104545593, 0.002960217883810401]"
802,4,4,"[0.039720676839351654, 0.02830263413488865, 0.24666008353233337, 0.009524867869913578, 0.3805729150772095, 0.2950626015663147, 0.0001562607503728941]"
803,5,5,"[0.004709165543317795, 0.018833698704838753, 0.0034698648378252983, 0.033005569130182266, 0.0006822743453085423, 0.8878102898597717, 0.05148908495903015]"
804,5,5,"[6.673332973150536e-05, 0.00029256255947984755, 0.002631106413900852, 0.001092887599952519, 0.00019770339713431895, 0.9956408739089966, 7.811729301465675e-05]"
805,4,2,"[0.05029459297657013, 0.025936447083950043, 0.783336341381073, 0.035662513226270676, 0.028722701594233513, 0.07601484656333923, 3.258152355556376e-05]"
806,6,5,"[0.002308786381036043, 0.017947984859347343, 0.16273006796836853, 0.002189472084864974, 0.193719282746315, 0.6178314685821533, 0.00327293504960835]"
807,2,1,"[0.27673834562301636, 0.488216370344162, 0.08319913595914841, 0.12300722301006317, 0.0071244495920836926, 0.01996583119034767, 0.0017486766446381807]"
808,5,5,"[3.566003579180688e-05, 0.00018021980940829962, 0.006852106191217899, 0.0002664667845238, 0.0017985430313274264, 0.990811824798584, 5.5230029829544947e-05]"
809,5,5,"[2.1828333046869375e-05, 0.00010071433644043282, 0.001236366806551814, 0.00020286768267396837, 0.00030682748183608055, 0.9980619549751282, 6.949663656996563e-05]"
810,5,5,"[0.0007490523275919259, 0.0042080022394657135, 0.029829058796167374, 0.0008787979604676366, 0.04762118309736252, 0.9165245294570923, 0.00018944698967970908]"
811,5,5,"[0.0013715284876525402, 0.006756516173481941, 0.05055993050336838, 0.0014604160096496344, 0.2186831682920456, 0.7202728390693665, 0.0008955902885645628]"
812,5,5,"[0.0005397808272391558, 0.0012343267444521189, 0.07777094095945358, 0.00044640092528425157, 0.32862260937690735, 0.5908876657485962, 0.0004983330145478249]"
813,5,5,"[0.029279258102178574, 0.30774566531181335, 0.11213752627372742, 0.02599373087286949, 0.019508004188537598, 0.5012170672416687, 0.004118756391108036]"
814,4,5,"[0.0004373620613478124, 0.0010131404269486666, 0.03283482417464256, 0.00023845488613005728, 0.29331934452056885, 0.6711247563362122, 0.0010320309083908796]"
815,5,5,"[2.9564533178927377e-05, 0.00013444985961541533, 0.0019640966784209013, 0.0003369779442436993, 0.0002328182163182646, 0.9972522854804993, 4.972733950125985e-05]"
816,5,4,"[0.0012855612440034747, 0.005538041237741709, 0.04985728859901428, 0.0006947767687961459, 0.5783937573432922, 0.3255293667316437, 0.03870122507214546]"
817,2,2,"[0.02258962392807007, 0.08710590749979019, 0.43313899636268616, 0.020697493106126785, 0.14318306744098663, 0.29299455881118774, 0.00029035776969976723]"
818,5,5,"[2.1832720449310727e-05, 9.154685540124774e-05, 0.0022926353849470615, 0.00012158793106209487, 0.000798557884991169, 0.9966455101966858, 2.8318432669038884e-05]"
819,4,5,"[0.0028426083736121655, 0.004584054462611675, 0.03040054254233837, 0.0006267476710490882, 0.3658502399921417, 0.5937231183052063, 0.001972754718735814]"
820,3,1,"[0.2745157480239868, 0.3222680985927582, 0.24623264372348785, 0.11999507248401642, 0.0033042319118976593, 0.03328780457377434, 0.00039640083559788764]"
821,5,5,"[0.00022645371791440994, 0.0007212655618786812, 0.0022298116236925125, 0.003113213460892439, 0.000177022535353899, 0.9931107759475708, 0.00042143752216361463]"
822,5,4,"[0.0009505822090432048, 0.002974023809656501, 0.10088682919740677, 0.0007303848979063332, 0.5611531138420105, 0.33235862851142883, 0.0009464166942052543]"
823,5,2,"[0.038445040583610535, 0.061602383852005005, 0.3854539394378662, 0.014291494153439999, 0.16087552905082703, 0.3391939699649811, 0.00013759762805420905]"
824,5,5,"[8.947316928242799e-06, 8.482018165523186e-05, 0.0022093323059380054, 8.186964987544343e-05, 0.0034348475746810436, 0.9930794835090637, 0.0011006962740793824]"
825,5,5,"[0.00020154062076471746, 0.0012980890460312366, 0.001257166382856667, 0.0022673753555864096, 0.000121677054266911, 0.9940913319587708, 0.0007627706509083509]"
826,4,4,"[0.0004249361518304795, 0.0011915668146684766, 0.018798844888806343, 0.000309565948555246, 0.504607081413269, 0.40785884857177734, 0.06680915504693985]"
827,5,5,"[7.117961649782956e-05, 0.00040727658779360354, 0.0014197365380823612, 0.0012597213499248028, 0.00013728291378356516, 0.9963068962097168, 0.00039803804247640073]"
828,3,2,"[0.2727665901184082, 0.2119932770729065, 0.36807379126548767, 0.07065153121948242, 0.03369339555501938, 0.042625151574611664, 0.00019624394190032035]"
829,5,2,"[0.028863515704870224, 0.06913751363754272, 0.6512765884399414, 0.026581574231386185, 0.09742903709411621, 0.12662336230278015, 8.832030289340764e-05]"
830,5,1,"[0.2813485562801361, 0.4884817898273468, 0.10212413966655731, 0.07949705421924591, 0.016895364969968796, 0.030063288286328316, 0.0015898976707831025]"
831,5,5,"[0.0005629757652059197, 0.0034755549859255552, 0.027897611260414124, 0.0006134760333225131, 0.4126075506210327, 0.4652692377567291, 0.08957360684871674]"
832,1,1,"[0.07815803587436676, 0.5069067478179932, 0.17618747055530548, 0.06867363303899765, 0.019469376653432846, 0.14924493432044983, 0.0013598341029137373]"
833,2,5,"[0.001306481077335775, 0.009407147765159607, 0.3186838626861572, 0.0034864519257098436, 0.12226507812738419, 0.5447077751159668, 0.00014322165225166827]"
834,5,5,"[8.532500214641914e-05, 0.00043339486001059413, 0.0018748181173577905, 0.0010837672743946314, 0.00013261300045996904, 0.9962974190711975, 9.270522423321381e-05]"
835,5,5,"[4.4665124733000994e-05, 0.0001809812238207087, 0.0019163762917742133, 0.0006861733854748309, 0.0002497083623893559, 0.9968499541282654, 7.21524702385068e-05]"
836,5,5,"[2.019670864683576e-05, 8.491204062011093e-05, 0.0015882443403825164, 0.00013634865172207355, 0.000506095471791923, 0.9976252913475037, 3.9013353671180084e-05]"
837,5,5,"[7.342296885326505e-05, 0.00021663497318513691, 0.0021458384580910206, 0.0007424115319736302, 0.00024276917974930257, 0.9965356588363647, 4.323453686083667e-05]"
838,5,5,"[7.342400203924626e-05, 0.0004617018566932529, 0.0046050529927015305, 0.0001670353813096881, 0.003573189489543438, 0.990259051322937, 0.0008605385082773864]"
839,5,5,"[1.4673204532300588e-05, 8.831581362755969e-05, 0.0022006146609783173, 9.798714745556936e-05, 0.002773140324279666, 0.9944939017295837, 0.0003313313645776361]"
840,2,5,"[0.001984263537451625, 0.011225562542676926, 0.4214017689228058, 0.004688268527388573, 0.04923072084784508, 0.5114290118217468, 4.037722465000115e-05]"
841,5,5,"[0.00042196884169243276, 0.0006787386373616755, 0.011495380662381649, 0.003060767659917474, 0.00047830885159783065, 0.9838359355926514, 2.8969909180887043e-05]"
842,5,5,"[0.0037662952672690153, 0.010054427199065685, 0.01703738421201706, 0.0007746098563075066, 0.17796407639980316, 0.7850577235221863, 0.0053454735316336155]"
843,5,5,"[0.0018282433738932014, 0.029974760487675667, 0.01980014704167843, 0.004143826197832823, 0.01238630898296833, 0.9262945055961609, 0.005572231486439705]"
844,2,2,"[0.1642853319644928, 0.08625955879688263, 0.5985810160636902, 0.03361612930893898, 0.06937003135681152, 0.047744255512952805, 0.00014365017705131322]"
845,4,2,"[0.020396577194333076, 0.04675300046801567, 0.4152739942073822, 0.008390156552195549, 0.2448689341545105, 0.26406896114349365, 0.00024841816048137844]"
846,4,4,"[0.003659795271232724, 0.003371670376509428, 0.047046586871147156, 0.0009566924418322742, 0.816972553730011, 0.12252743542194366, 0.005465282127261162]"
847,5,5,"[0.00010563507385086268, 0.00038821337511762977, 0.0031452469993382692, 0.001389918732456863, 0.0002072939823847264, 0.9946852922439575, 7.830773392925039e-05]"
848,5,5,"[0.001191765652038157, 0.0018259880598634481, 0.06512246280908585, 0.0009288248838856816, 0.026607966050505638, 0.9043095707893372, 1.3448438039631583e-05]"
849,4,5,"[0.0006012721569277346, 0.0013795255217701197, 0.07380592077970505, 0.000678860757034272, 0.08418752253055573, 0.8393239378929138, 2.2853460905025713e-05]"
850,5,2,"[0.003730231896042824, 0.025265617296099663, 0.5467676520347595, 0.010458337143063545, 0.03955942764878273, 0.3741508424282074, 6.791562918806449e-05]"
851,5,5,"[2.1658564946847036e-05, 9.400562703376636e-05, 0.0017360023921355605, 0.0002299890766153112, 0.00035681348526850343, 0.9974767565727234, 8.47300179884769e-05]"
852,5,5,"[0.00060510344337672, 0.004993741866201162, 0.041663993149995804, 0.0011637634597718716, 0.091530941426754, 0.8593339323997498, 0.0007084935205057263]"
853,2,2,"[0.03441234678030014, 0.07861761748790741, 0.7358129620552063, 0.036863163113594055, 0.03212890774011612, 0.08207970857620239, 8.524710574420169e-05]"
854,5,5,"[4.996922507416457e-05, 0.00019537228217814118, 0.0023308272939175367, 0.0006252312450669706, 0.00027838716050609946, 0.996488094329834, 3.2170013582799584e-05]"
855,5,5,"[0.0001510762085672468, 0.00018768846348393708, 0.019434837624430656, 0.0001379580789944157, 0.08977877348661423, 0.8901910781860352, 0.00011855247430503368]"
856,5,5,"[0.00023492868058383465, 0.0012847911566495895, 0.001691480283625424, 0.00232076458632946, 0.00015268918650690466, 0.9913367033004761, 0.0029786424711346626]"
857,5,5,"[4.5891029003541917e-05, 0.00023877748753875494, 0.0021316923666745424, 0.0005804321845062077, 0.00017195643158629537, 0.9967578053474426, 7.341441232711077e-05]"
858,5,5,"[4.823731069336645e-05, 0.00014634076796937734, 0.0013590836897492409, 0.00034063003840856254, 0.0002927251916844398, 0.9977689981460571, 4.400610123411752e-05]"
859,5,5,"[0.0005192902754060924, 0.0015825207810848951, 0.016520624980330467, 0.0003476834390312433, 0.3914032578468323, 0.5025252103805542, 0.08710138499736786]"
860,5,5,"[0.00023320032050833106, 0.0004971015732735395, 0.0065518333576619625, 0.0017521253321319818, 0.0003252480528317392, 0.990620493888855, 2.0094528736080974e-05]"
861,2,1,"[0.22680670022964478, 0.3146430253982544, 0.19908247888088226, 0.05825335904955864, 0.07495905458927155, 0.12538008391857147, 0.0008753433940000832]"
862,5,5,"[0.0010026382515206933, 0.003301442600786686, 0.051710158586502075, 0.0007243701838888228, 0.3338134288787842, 0.6065916419029236, 0.002856316277757287]"
863,5,2,"[0.0921914204955101, 0.03548363968729973, 0.5661431550979614, 0.03617065027356148, 0.057088468223810196, 0.21288104355335236, 4.1661849536467344e-05]"
864,5,5,"[0.0012765830615535378, 0.026164138689637184, 0.07594506442546844, 0.0034020713064819574, 0.081208236515522, 0.8049731254577637, 0.007030792068690062]"
865,5,5,"[5.860818419023417e-05, 0.0002275880251545459, 0.0013600110542029142, 0.0005514373769983649, 0.00015475194959435612, 0.997502863407135, 0.00014481143443845212]"
866,5,5,"[0.0001810423709684983, 0.0005450334865599871, 0.0042534880340099335, 0.0022035313304513693, 0.00020484231936279684, 0.9925575256347656, 5.456200960907154e-05]"
867,5,5,"[0.00025796081172302365, 0.0011032028123736382, 0.01989974081516266, 0.0003335836227051914, 0.18010729551315308, 0.7930510640144348, 0.005247083958238363]"
868,5,5,"[8.61602820805274e-05, 0.00037576063186861575, 0.0035852852743119, 0.0008709966787137091, 0.00016279741248581558, 0.9948817491531372, 3.7268269807100296e-05]"
869,2,2,"[0.010301977396011353, 0.09833591431379318, 0.5797424912452698, 0.01778990589082241, 0.0833502858877182, 0.20798364281654358, 0.0024957607965916395]"
870,1,4,"[0.01882432959973812, 0.06132064387202263, 0.24032846093177795, 0.012964717112481594, 0.39548277854919434, 0.2653202414512634, 0.005758857354521751]"
871,5,5,"[9.551882249070331e-05, 0.00026561235426925123, 0.008932573720812798, 0.0007460544584318995, 0.0004904928500764072, 0.9894570708274841, 1.2675076504820026e-05]"
872,4,0,"[0.3744567930698395, 0.19708743691444397, 0.24635526537895203, 0.06561139971017838, 0.09261402487754822, 0.023391177877783775, 0.0004839069733861834]"
873,5,5,"[0.00165463425219059, 0.016898958012461662, 0.04101068899035454, 0.002176463371142745, 0.08751754462718964, 0.8482297658920288, 0.0025119539350271225]"
874,5,2,"[0.02940710261464119, 0.15495887398719788, 0.39349085092544556, 0.028140610083937645, 0.022840775549411774, 0.37099379301071167, 0.00016795987903606147]"
875,3,1,"[0.13400961458683014, 0.6699039340019226, 0.041104983538389206, 0.08223602175712585, 0.006204556208103895, 0.06228826940059662, 0.004252624697983265]"
876,5,5,"[3.131290941382758e-05, 0.00017141566786449403, 0.0012249111896380782, 0.0005058527458459139, 0.00022248132154345512, 0.9974501729011536, 0.0003938328882213682]"
877,0,0,"[0.42882290482521057, 0.1208653375506401, 0.21895213425159454, 0.04836850240826607, 0.14740616083145142, 0.035038623958826065, 0.0005463293637149036]"
878,4,5,"[0.0021240096539258957, 0.003104944247752428, 0.008126402273774147, 0.00042007691808976233, 0.08404064178466797, 0.8980617523193359, 0.004122069571167231]"
879,5,5,"[6.57392738503404e-05, 0.00021729337458964437, 0.001745228306390345, 0.0007615525973960757, 0.00022278686810750514, 0.9969102740287781, 7.725160685367882e-05]"
880,0,0,"[0.39724963903427124, 0.36885491013526917, 0.11214597523212433, 0.0680345818400383, 0.02923116646707058, 0.02283545956015587, 0.0016482562059536576]"
881,2,2,"[0.013936606235802174, 0.0612068697810173, 0.6424025297164917, 0.019355297088623047, 0.04215095564723015, 0.2208801656961441, 6.761428812751547e-05]"
882,5,5,"[0.0005897166556678712, 0.0010248628677800298, 0.12203875929117203, 0.0005139260902069509, 0.3221943974494934, 0.5535447597503662, 9.359209070680663e-05]"
883,5,5,"[0.00047875510063022375, 0.003378382883965969, 0.03752643242478371, 0.0004551841993816197, 0.40086743235588074, 0.535264253616333, 0.022029520943760872]"
884,1,1,"[0.2438584417104721, 0.5230602622032166, 0.09145354479551315, 0.09153085947036743, 0.026998205110430717, 0.018201343715190887, 0.004897331818938255]"
885,5,5,"[0.0011085699079558253, 0.0044646598398685455, 0.06490087509155273, 0.0016146888956427574, 0.04995398968458176, 0.8779075145721436, 4.9647296691546217e-05]"
886,5,5,"[0.0018455347744747996, 0.004212807863950729, 0.16224537789821625, 0.0014359228080138564, 0.2814464867115021, 0.5487143397331238, 9.953980043064803e-05]"
887,4,4,"[0.002479777904227376, 0.00784169603139162, 0.16524644196033478, 0.0015069185756146908, 0.4607733190059662, 0.3614690899848938, 0.0006827185279689729]"
888,5,5,"[2.079161822621245e-05, 0.00014437007484957576, 0.001580340787768364, 0.0003200211504008621, 0.00019580118532758206, 0.9976580142974854, 8.057811646722257e-05]"
889,5,5,"[0.0013859020546078682, 0.0014502882258966565, 0.04100411757826805, 0.0004281095461919904, 0.21464338898658752, 0.7409860491752625, 0.00010212954657617956]"
890,5,5,"[0.00011830508447019383, 0.0003205932443961501, 0.010829044505953789, 0.0010815606219694018, 0.0006967703811824322, 0.9869332313537598, 2.0429466530913487e-05]"
891,5,5,"[0.00038444611709564924, 0.000897143327165395, 0.06169816479086876, 0.000531463825609535, 0.053688909858465195, 0.8827860951423645, 1.3756191037828103e-05]"
892,5,5,"[0.0003048104699701071, 0.0005060991388745606, 0.00959751382470131, 0.0018013016087934375, 0.000581552681978792, 0.9871975779533386, 1.1050516150135081e-05]"
893,5,5,"[3.4053256968036294e-05, 0.00014709666720591486, 0.002734488807618618, 0.00044111182796768844, 0.00032794251455925405, 0.9962747097015381, 4.053387965541333e-05]"
894,5,5,"[2.8171230951556936e-05, 0.00014087752788327634, 0.0014034175546839833, 0.0003993975988123566, 0.00022821449965704232, 0.9976755976676941, 0.00012424799206200987]"
895,3,5,"[0.0005736234597861767, 0.0011945527512580156, 0.005501140374690294, 0.0052423253655433655, 0.00019319630519021302, 0.9871587753295898, 0.00013631198089569807]"
896,5,5,"[0.0010651125339791179, 0.001976216211915016, 0.03439073637127876, 0.0012717008357867599, 0.005709878634661436, 0.9555737972259521, 1.2549829079944175e-05]"
897,5,5,"[0.0035352923441678286, 0.04983297735452652, 0.01238627452403307, 0.005047129932790995, 0.07285202294588089, 0.6577082872390747, 0.1986379623413086]"
898,5,5,"[0.0002657918957993388, 0.0006138527533039451, 0.00378456455655396, 0.0025459725875407457, 0.00020325128571130335, 0.9924778938293457, 0.0001086969641619362]"
899,5,5,"[0.014060473069548607, 0.05774076282978058, 0.3490513265132904, 0.018312664702534676, 0.07002682238817215, 0.49064692854881287, 0.00016112088633235544]"
900,5,2,"[0.10976733267307281, 0.2071872502565384, 0.3940503001213074, 0.05706422030925751, 0.08823352307081223, 0.1433802992105484, 0.00031709211179986596]"
901,2,1,"[0.12428582459688187, 0.425046443939209, 0.2927207946777344, 0.07269876450300217, 0.01551004033535719, 0.06921609491109848, 0.0005220510065555573]"
902,2,1,"[0.07123120129108429, 0.3117677569389343, 0.2761378586292267, 0.07306305319070816, 0.08196285367012024, 0.18476244807243347, 0.0010748101631179452]"
903,5,5,"[8.563963638152927e-05, 0.00018342799739912152, 0.011851889081299305, 0.000492280232720077, 0.001771787297911942, 0.985601007938385, 1.3977646631246898e-05]"
904,0,0,"[0.41387397050857544, 0.18954317271709442, 0.09105857461690903, 0.20603220164775848, 0.014765815809369087, 0.07576940208673477, 0.008956928737461567]"
905,1,1,"[0.12151024490594864, 0.5673366785049438, 0.03537599369883537, 0.038913533091545105, 0.018352029845118523, 0.19605496525764465, 0.02245662920176983]"
906,4,5,"[0.0010409678798168898, 0.002671550726518035, 0.11294086277484894, 0.0007371697574853897, 0.27047964930534363, 0.612001359462738, 0.00012845595483668149]"
907,4,5,"[5.2774139476241544e-05, 0.00016329910431522876, 0.007331412751227617, 0.00017368998669553548, 0.005036452319473028, 0.9871541857719421, 8.820499351713806e-05]"
908,2,2,"[0.20451876521110535, 0.07206913828849792, 0.4670182466506958, 0.07761889696121216, 0.043661121279001236, 0.13501933217048645, 9.454760584048927e-05]"
909,5,5,"[0.0002943086437880993, 0.002973092719912529, 0.0720210000872612, 0.0008282757480628788, 0.0709574818611145, 0.8522908687591553, 0.0006350746843963861]"
910,5,5,"[0.0068486831150949, 0.008451437577605247, 0.3153527081012726, 0.003950096666812897, 0.28022125363349915, 0.3851339519023895, 4.1842027712846175e-05]"
911,2,2,"[0.10376688838005066, 0.11182425916194916, 0.5866875648498535, 0.037109375, 0.09526820480823517, 0.06516370177268982, 0.00018001602438744158]"
912,5,2,"[0.014584148302674294, 0.047703102231025696, 0.5009647607803345, 0.018271859735250473, 0.14030638337135315, 0.2778942584991455, 0.00027551405946724117]"
913,5,5,"[0.002107528503984213, 0.014436409808695316, 0.3596626818180084, 0.005906494800001383, 0.024682922288775444, 0.5931383371353149, 6.566693627974018e-05]"
914,0,0,"[0.33636337518692017, 0.308010071516037, 0.22737424075603485, 0.09026243537664413, 0.019801270216703415, 0.01685929484665394, 0.001329293241724372]"
915,5,5,"[4.8905614676186815e-05, 0.00028540202765725553, 0.0016686246963217854, 0.0006261739181354642, 0.00021972849208395928, 0.9970011115074158, 0.00015003056614659727]"
916,5,5,"[0.009233877994120121, 0.08584388345479965, 0.06632139533758163, 0.009241675026714802, 0.04158985614776611, 0.7860849499702454, 0.0016843893099576235]"
917,2,2,"[0.01116581168025732, 0.030241817235946655, 0.44478940963745117, 0.007109097205102444, 0.3992706537246704, 0.10635978728532791, 0.0010634148493409157]"
918,5,5,"[1.486751625634497e-05, 5.716791929444298e-05, 0.0010441119084134698, 9.715219493955374e-05, 0.0006752984481863678, 0.998009979724884, 0.00010132651368621737]"
919,5,5,"[0.003461443353444338, 0.004597937688231468, 0.027848726138472557, 0.000910731207113713, 0.15159763395786285, 0.8112812638282776, 0.0003022905730176717]"
920,5,5,"[7.164113776525483e-05, 0.00030959496507421136, 0.002218133769929409, 0.001002958044409752, 0.000155274523422122, 0.9961016178131104, 0.0001408518000971526]"
921,4,5,"[0.0006663769599981606, 0.007357421796768904, 0.11516775190830231, 0.0018816245719790459, 0.22536857426166534, 0.642727792263031, 0.006830431520938873]"
922,5,5,"[0.0021855339873582125, 0.003079867921769619, 0.2890651226043701, 0.0015889190835878253, 0.22104711830615997, 0.4829862713813782, 4.71686726086773e-05]"
923,5,5,"[5.1004913984797895e-05, 0.00016151768795680255, 0.0033990051597356796, 0.00047043009544722736, 0.00040279870154336095, 0.9954956769943237, 1.9624485503300093e-05]"
924,5,5,"[0.0007966712582856417, 0.001801582402549684, 0.021814385429024696, 0.0003232815652154386, 0.092054583132267, 0.8830437064170837, 0.00016580043302383274]"
925,2,5,"[0.003964429721236229, 0.013791536912322044, 0.3366054594516754, 0.0034011160023510456, 0.18816116452217102, 0.45397353172302246, 0.00010277231922373176]"
926,5,5,"[0.002030962845310569, 0.01706463098526001, 0.3031104505062103, 0.007128898054361343, 0.052293673157691956, 0.6183142066001892, 5.7240304158767685e-05]"
927,5,5,"[3.192848089383915e-05, 0.00022874135174788535, 0.0015722219832241535, 0.00044057401828467846, 0.00018831476336345077, 0.9972749352455139, 0.00026330529362894595]"
928,5,5,"[0.000971590809058398, 0.0016463912324979901, 0.009382935240864754, 0.006839445326477289, 0.00025140392244793475, 0.9808140993118286, 9.411603241460398e-05]"
929,2,5,"[0.00027967695496045053, 0.0018918277928605676, 0.10738833993673325, 0.0008290023542940617, 0.02859378606081009, 0.8609971404075623, 2.0256598872947507e-05]"
930,4,5,"[0.001287461374886334, 0.0020710460375994444, 0.06224074214696884, 0.000598946469835937, 0.27148181200027466, 0.662224292755127, 9.567025699652731e-05]"
931,5,5,"[0.00014152267249301076, 0.0006437479169107974, 0.0026376163586974144, 0.002604267792776227, 0.00015586180961690843, 0.9934183359146118, 0.0003987046075053513]"
932,5,5,"[0.0002771427098196, 0.0008268407545983791, 0.0044511063024401665, 0.003520756959915161, 0.00017233275866601616, 0.9905974268913269, 0.000154310095240362]"
933,4,5,"[0.07888315618038177, 0.09604854136705399, 0.1313224732875824, 0.014589471742510796, 0.1208021342754364, 0.5576934814453125, 0.0006606854149140418]"
934,5,5,"[5.3833562560612336e-05, 0.000301313993986696, 0.0023476395290344954, 0.0007210586918517947, 0.00020227237837389112, 0.9962840676307678, 8.98510916158557e-05]"
935,5,5,"[2.8608625143533573e-05, 0.00011982354044448584, 0.001255601760931313, 0.00031006589415483177, 0.0002728142717387527, 0.9979299306869507, 8.327684918185696e-05]"
936,4,4,"[0.0052827768959105015, 0.02197248861193657, 0.2679235637187958, 0.004604069981724024, 0.4992859363555908, 0.19952011108398438, 0.001411099568940699]"
937,5,2,"[0.0014163479208946228, 0.01586969569325447, 0.5284056067466736, 0.004354939796030521, 0.10363975912332535, 0.34586378931999207, 0.00044989987509325147]"
938,5,5,"[0.001416796469129622, 0.001894773100502789, 0.02141672372817993, 0.00031837858841754496, 0.2912113666534424, 0.6817883253097534, 0.00195361883379519]"
939,5,5,"[3.199353886884637e-05, 0.00020904472330585122, 0.001414056750945747, 0.0004858118772972375, 0.00016650135512463748, 0.9975473284721375, 0.00014526717131957412]"
940,5,5,"[0.0005311141721904278, 0.0006878915592096746, 0.02145923674106598, 0.001661771209910512, 0.0030468348413705826, 0.9726013541221619, 1.1745238225557841e-05]"
941,5,5,"[5.285513179842383e-05, 0.00023018459614831954, 0.002213191008195281, 0.00042438102536834776, 0.00020130164921283722, 0.9968377351760864, 4.0370941860601306e-05]"
942,5,5,"[3.6392913898453116e-05, 0.00018258357886224985, 0.00269679119810462, 0.0003225142427254468, 0.00032468282734043896, 0.9964174032211304, 1.963772956514731e-05]"
943,2,2,"[0.010797780938446522, 0.048586200922727585, 0.7497158646583557, 0.03313751891255379, 0.03321387246251106, 0.12443991750478745, 0.00010887763346545398]"
944,4,0,"[0.5027654767036438, 0.127763032913208, 0.1654629409313202, 0.037553366273641586, 0.14436428248882294, 0.021410319954156876, 0.0006806448218412697]"
945,5,5,"[0.00012843581498600543, 0.00037039443850517273, 0.035218141973018646, 0.00015359428653027862, 0.11561303585767746, 0.848265528678894, 0.0002508282195776701]"
946,5,5,"[0.00010223725985269994, 0.0005580754368565977, 0.0021674479357898235, 0.0018369087483733892, 0.00026052581961266696, 0.9942250847816467, 0.0008495930233038962]"
947,5,5,"[0.000452024134574458, 0.0008854390471242368, 0.056176405400037766, 0.0003523956402204931, 0.09330128133296967, 0.8488064408302307, 2.6013271053670906e-05]"
948,2,2,"[0.06429700553417206, 0.03895055502653122, 0.35810989141464233, 0.014569027349352837, 0.2845177948474884, 0.23947995901107788, 7.582356920465827e-05]"
949,1,2,"[0.018871232867240906, 0.0539274588227272, 0.4202594459056854, 0.013954046182334423, 0.07756950706243515, 0.4153174161911011, 0.00010088297858601436]"
950,5,5,"[0.0032969650346785784, 0.013353211805224419, 0.38875773549079895, 0.004140565171837807, 0.14393016695976257, 0.44643133878707886, 8.99984224815853e-05]"
951,5,4,"[0.0004552869941107929, 0.0011233317200094461, 0.04884352535009384, 0.0004183955315966159, 0.6280322670936584, 0.31861409544944763, 0.0025130980648100376]"
952,5,5,"[0.057530879974365234, 0.14921320974826813, 0.3263445198535919, 0.0318698026239872, 0.07142322510480881, 0.3634587526321411, 0.00015967519721016288]"
953,4,5,"[3.478897633613087e-05, 0.0001990434539038688, 0.003996754996478558, 0.0003259116201661527, 0.00057253084378317, 0.9948145747184753, 5.645957571687177e-05]"
954,2,5,"[0.002092003356665373, 0.006743339356034994, 0.2935647964477539, 0.0022305704187601805, 0.23941442370414734, 0.4558466076850891, 0.00010825575009221211]"
955,5,5,"[5.1241659093648195e-05, 0.0002193468826590106, 0.0031881353352218866, 0.0005929169710725546, 0.00026494290796108544, 0.9956379532814026, 4.545499541563913e-05]"
956,5,5,"[6.697904609609395e-05, 0.0002772891311906278, 0.0022430336102843285, 0.0010511467698961496, 0.00018626665405463427, 0.9960651993751526, 0.00011016060307156295]"
957,4,5,"[0.00021270803699735552, 0.0012283149408176541, 0.0699322521686554, 0.00044130004243925214, 0.11097194999456406, 0.817054033279419, 0.00015942721802275628]"
958,2,5,"[0.0019884712528437376, 0.0036546040792018175, 0.16945065557956696, 0.0011941413395106792, 0.36453595757484436, 0.45898890495300293, 0.00018716826161835343]"
959,4,5,"[0.00014517945237457752, 0.0011873889015987515, 0.028112558647990227, 0.00020494758791755885, 0.13583233952522278, 0.8332901000976562, 0.0012275319313630462]"
960,5,0,"[0.44431909918785095, 0.18808481097221375, 0.20802554488182068, 0.10870398581027985, 0.014978429302573204, 0.03463611751794815, 0.001251979498192668]"
961,5,5,"[0.01507079042494297, 0.04004531353712082, 0.06485562026500702, 0.11325827986001968, 0.0015372860943898559, 0.7637590765953064, 0.001473642885684967]"
962,5,5,"[0.00020543180289678276, 0.00037222402170300484, 0.015232422389090061, 0.0012488351203501225, 0.00117874750867486, 0.9817549586296082, 7.364445991697721e-06]"
963,5,5,"[0.004968311171978712, 0.01986503414809704, 0.02476431615650654, 0.01513165608048439, 0.03247299790382385, 0.857344388961792, 0.045453328639268875]"
964,5,5,"[4.848671960644424e-05, 0.00020415849576238543, 0.00218194629997015, 0.0005514708464033902, 0.00026178869302384555, 0.9967024922370911, 4.9767033488024026e-05]"
965,5,2,"[0.004667365923523903, 0.031731270253658295, 0.4367975890636444, 0.009339261800050735, 0.2453850656747818, 0.2712272107601166, 0.000852174183819443]"
966,5,5,"[3.42787207046058e-05, 0.00018278487550560385, 0.0011122602736577392, 0.00032585582812316716, 0.00019583098764996976, 0.9980307221412659, 0.00011823548265965655]"
967,4,5,"[0.0004026654059998691, 0.0023040175437927246, 0.031072450801730156, 0.00033219822216778994, 0.26601701974868774, 0.6884170174598694, 0.011454642750322819]"
968,4,5,"[0.00046556544839404523, 0.002854853868484497, 0.027490105479955673, 0.0026905585546046495, 0.012671703472733498, 0.9531438946723938, 0.0006832475191913545]"
969,4,5,"[0.0005077871610410511, 0.00143899442628026, 0.03636802360415459, 0.00030249665724113584, 0.094545878469944, 0.866733729839325, 0.00010306006151949987]"
970,5,5,"[4.6760433178860694e-05, 0.00015318124496843666, 0.0037874924018979073, 0.0004341153835412115, 0.0004619272076524794, 0.9951026439666748, 1.3788850083074067e-05]"
971,1,2,"[0.07807894796133041, 0.19869202375411987, 0.5757439136505127, 0.04870025813579559, 0.03267084062099457, 0.06577086448669434, 0.00034316015080548823]"
972,2,5,"[0.03391645848751068, 0.11133208125829697, 0.14082947373390198, 0.014151468873023987, 0.04638824239373207, 0.6529843807220459, 0.0003979188040830195]"
973,2,5,"[0.00012968953524250537, 0.0003627042460720986, 0.01337337400764227, 0.0016108700074255466, 0.0008186280610971153, 0.983688235282898, 1.649010846449528e-05]"
974,1,1,"[0.06096859648823738, 0.659247100353241, 0.03830879181623459, 0.08381502330303192, 0.016013946384191513, 0.05976071208715439, 0.08188584446907043]"
975,5,5,"[4.102358070667833e-05, 0.0002494947984814644, 0.00200713356025517, 0.0004916436737403274, 0.00017113775538746268, 0.996970534324646, 6.906108319526538e-05]"
976,5,5,"[1.791973045328632e-05, 9.526026406092569e-05, 0.002907538553699851, 0.00019277232058811933, 0.000644800893496722, 0.996091902256012, 4.986806379747577e-05]"
977,5,5,"[2.823638715199195e-05, 0.00014601903967559338, 0.001913201529532671, 0.00040822516893967986, 0.00025833581457845867, 0.9971699118614197, 7.618650124641135e-05]"
978,2,2,"[0.12391343712806702, 0.09851706773042679, 0.5930979251861572, 0.03765152022242546, 0.10216917842626572, 0.044537026435136795, 0.00011383021046640351]"
979,5,5,"[2.0258243239368312e-05, 0.00014583070878870785, 0.002121398225426674, 0.00024209055118262768, 0.0003157823521178216, 0.9970345497131348, 0.00012002618313999847]"
980,5,5,"[5.7401357480557635e-05, 0.00013716185640078038, 0.002481888048350811, 0.0002691344416234642, 0.0006647060508839786, 0.9963732361793518, 1.6379117369069718e-05]"
981,5,5,"[0.016321992501616478, 0.021646156907081604, 0.10515300929546356, 0.004855219274759293, 0.04294914752244949, 0.8090007305145264, 7.378099689958617e-05]"
982,5,5,"[0.00018273756722919643, 0.0005852439207956195, 0.013812954537570477, 0.002115692012012005, 0.0006486318306997418, 0.9826387166976929, 1.6084255548776127e-05]"
983,5,5,"[4.5836768549634144e-05, 7.012680725893006e-05, 0.005040545016527176, 0.0001054432214004919, 0.0041611576452851295, 0.9905625581741333, 1.4296994777396321e-05]"
984,1,2,"[0.07919459789991379, 0.29529690742492676, 0.3305027484893799, 0.06942633539438248, 0.07979069650173187, 0.14506006240844727, 0.0007286689360626042]"
985,5,5,"[9.531740215606987e-05, 0.00044549760059453547, 0.0028590383008122444, 0.0009749775636009872, 0.0001360936148557812, 0.9954193830490112, 6.977110024308786e-05]"
986,4,1,"[0.21240444481372833, 0.5570481419563293, 0.11524132639169693, 0.08627218008041382, 0.00814224686473608, 0.01671111024916172, 0.004180576652288437]"
987,5,5,"[0.00245216628536582, 0.020196761935949326, 0.008402503095567226, 0.024015750735998154, 0.00015182506467681378, 0.94295334815979, 0.0018276721239089966]"
988,5,5,"[0.007051518652588129, 0.010134248994290829, 0.0763874500989914, 0.002006006194278598, 0.07785177230834961, 0.8264496922492981, 0.00011936142982449383]"
989,5,5,"[3.179762279614806e-05, 0.00016757137200329453, 0.0012779295211657882, 0.00040602716035209596, 0.00019964220700785518, 0.9977691173553467, 0.00014782762445975095]"
990,5,5,"[0.0004157974326517433, 0.00077107734978199, 0.02387143485248089, 0.0002232363331131637, 0.2947390079498291, 0.6795272827148438, 0.0004521296941675246]"
991,5,5,"[0.0001300809672102332, 0.0004362919135019183, 0.015723317861557007, 0.00019569335563573986, 0.05115171894431114, 0.9314731955528259, 0.0008898202795535326]"
992,5,5,"[2.3813272491679527e-05, 0.00011907612497452646, 0.0016143645625561476, 0.000278094201348722, 0.00029484162223525345, 0.9976119995117188, 5.789481656393036e-05]"
993,5,5,"[2.9062315661576577e-05, 0.00014950834156479686, 0.0012424649903550744, 0.0003199818020220846, 0.0002328385744476691, 0.9978970289230347, 0.00012906531628686935]"
994,5,5,"[3.1322651921072975e-05, 0.00017143318837042898, 0.001471392228268087, 0.0003912179672624916, 0.0002279979089507833, 0.9975988268852234, 0.00010766777995740995]"
995,5,5,"[5.901956319576129e-05, 0.00029401210485957563, 0.002826206386089325, 0.0006733567570336163, 0.0001813371345633641, 0.9959282279014587, 3.781905252253637e-05]"
996,5,2,"[0.043189000338315964, 0.09804505854845047, 0.666553258895874, 0.03811635076999664, 0.050732314586639404, 0.10328048467636108, 8.350950520252809e-05]"
997,5,5,"[8.657940634293482e-05, 0.0001727516355458647, 0.004505729302763939, 0.00037201683153398335, 0.0007182159461081028, 0.99413001537323, 1.4745929547643755e-05]"
998,5,5,"[2.9950586394988932e-05, 0.00017354555893689394, 0.0008699775207787752, 0.00037221587263047695, 0.0002217491710325703, 0.9978894591331482, 0.00044306082418188453]"
999,5,5,"[0.0006105361389927566, 0.006390439812093973, 0.22138726711273193, 0.0015291065210476518, 0.11084878444671631, 0.6587788462638855, 0.00045497066457755864]"
1000,5,5,"[0.0009260863880626857, 0.008369941264390945, 0.11824680119752884, 0.0025952665600925684, 0.07857858389616013, 0.7909808158874512, 0.00030242750653997064]"
1001,5,5,"[3.891388769261539e-05, 0.00017792110156733543, 0.0014646932249888778, 0.0005776442703790963, 0.00017145706806331873, 0.9974390268325806, 0.00013043118815403432]"
1002,2,2,"[0.2129148244857788, 0.17361335456371307, 0.25942885875701904, 0.02959795854985714, 0.19603373110294342, 0.12727676331996918, 0.0011345638195052743]"
1003,4,4,"[0.0007985406555235386, 0.0011002658866345882, 0.020746562629938126, 0.00027671142015606165, 0.7730504870414734, 0.19782403111457825, 0.006203417666256428]"
1004,5,5,"[0.0029630507342517376, 0.005004671402275562, 0.026141688227653503, 0.0018431894714012742, 0.03848228603601456, 0.9254979491233826, 6.715088238706812e-05]"
1005,5,5,"[0.00033724194508977234, 0.0015370476758107543, 0.03239864110946655, 0.0004696809919551015, 0.12923836708068848, 0.8350645303726196, 0.0009545915527269244]"
1006,5,5,"[0.07021374255418777, 0.10705102235078812, 0.12186330556869507, 0.02106465958058834, 0.19049996137619019, 0.48861849308013916, 0.0006888275383971632]"
1007,5,5,"[3.967164593632333e-05, 0.00018213906150776893, 0.0019115481991320848, 0.0005015511414967477, 0.00019668326422106475, 0.9970846772193909, 8.37562110973522e-05]"
1008,0,2,"[0.1203644871711731, 0.05178685486316681, 0.46283337473869324, 0.02701404131948948, 0.18824012577533722, 0.14968983829021454, 7.120393274817616e-05]"
1009,5,5,"[1.4967854440328665e-05, 6.193103035911918e-05, 0.0012988520320504904, 7.569813169538975e-05, 0.0009562577470205724, 0.9974703788757324, 0.00012188135588075966]"
1010,5,5,"[0.04410234093666077, 0.14050370454788208, 0.09694638848304749, 0.048442572355270386, 0.0021207102108746767, 0.6676678657531738, 0.00021630828268826008]"
1011,5,5,"[0.0009800104890018702, 0.00396662438288331, 0.12342466413974762, 0.0008592026424594223, 0.33835896849632263, 0.5318576097488403, 0.0005528616602532566]"
1012,5,5,"[0.009197350591421127, 0.009510093368589878, 0.1421600729227066, 0.02511359192430973, 0.002595355035737157, 0.8114056587219238, 1.7918720914167352e-05]"
1013,5,5,"[2.683952152437996e-05, 0.0001432677818229422, 0.001557995448820293, 0.0003831482317764312, 0.0002078968973364681, 0.9975441098213196, 0.00013671998749487102]"
1014,5,5,"[0.0009615747258067131, 0.0012886804761365056, 0.021520260721445084, 0.0006473959656432271, 0.02216561697423458, 0.9533918499946594, 2.455445792293176e-05]"
1015,5,5,"[0.0007736103143543005, 0.004973018076270819, 0.19741536676883698, 0.0012533677509054542, 0.3163723349571228, 0.4774493873119354, 0.0017629964277148247]"
1016,5,5,"[0.0002052247291430831, 0.00046859265421517193, 0.005615936126559973, 0.002120127435773611, 0.00029812331194989383, 0.9912593960762024, 3.255554474890232e-05]"
1017,5,5,"[0.00047208022442646325, 0.0015580691397190094, 0.016089260578155518, 0.0002978127740789205, 0.06679625064134598, 0.91451495885849, 0.00027155602583661675]"
1018,5,5,"[0.07340973615646362, 0.1002337634563446, 0.26268523931503296, 0.08027950674295425, 0.012665309011936188, 0.47042813897132874, 0.00029832686414010823]"
1019,5,5,"[3.3129690564237535e-05, 0.00013812334509566426, 0.003176559694111347, 0.0004044186498504132, 0.0003524974163156003, 0.9958581328392029, 3.711294266395271e-05]"
1020,5,5,"[0.004245141055434942, 0.0034481328912079334, 0.05660802870988846, 0.0007142493268474936, 0.44472068548202515, 0.4898304343223572, 0.00043328848551027477]"
1021,6,1,"[0.03114103525876999, 0.4374063014984131, 0.0068998560309410095, 0.052594415843486786, 0.004024932160973549, 0.03732248768210411, 0.4306109845638275]"
1022,4,5,"[0.00035731802927330136, 0.0008591862278990448, 0.017969399690628052, 0.0002190092345699668, 0.15458638966083527, 0.8253165483474731, 0.000692093453835696]"
1023,5,5,"[8.228581282310188e-05, 0.0004347548820078373, 0.0020091186743229628, 0.001421355176717043, 0.00014284839562606066, 0.9957126379013062, 0.00019696260278578848]"
1024,5,5,"[7.590077439090237e-05, 0.00046571349957957864, 0.002516099251806736, 0.0007815260323695838, 0.0001379021559841931, 0.9959478974342346, 7.487998664146289e-05]"
1025,5,1,"[0.06436736136674881, 0.5711619853973389, 0.14443440735340118, 0.07330486923456192, 0.0030452338978648186, 0.1374472975730896, 0.006238806992769241]"
1026,5,4,"[0.0008129792404361069, 0.0018274093745276332, 0.055520251393318176, 0.00045534208766184747, 0.5369687080383301, 0.40312668681144714, 0.001288676867261529]"
1027,5,5,"[5.753586083301343e-05, 0.00034960475750267506, 0.0018105707131326199, 0.0010876994347199798, 0.00022410792007576674, 0.9959602952003479, 0.0005102360737510026]"
1028,4,5,"[0.003343796357512474, 0.0028858701698482037, 0.030399218201637268, 0.0007894110167399049, 0.18502919375896454, 0.777341365814209, 0.0002110960049321875]"
1029,5,5,"[2.6374465960543603e-05, 0.00015194022853393108, 0.000795355997979641, 0.00027329634758643806, 0.00021980388555675745, 0.9982824325561523, 0.0002507253084331751]"
1030,3,5,"[0.025528626516461372, 0.23286692798137665, 0.12186887860298157, 0.047405317425727844, 0.029466036707162857, 0.5419642925262451, 0.0008998658740893006]"
1031,5,5,"[6.838865374447778e-05, 0.00022385423653759062, 0.0021022262517362833, 0.0005845403647981584, 0.00023274004342965782, 0.996753990650177, 3.427613410167396e-05]"
1032,5,5,"[0.0003404477902222425, 0.0014221695018932223, 0.061587654054164886, 0.0004645432927645743, 0.11207082867622375, 0.8240001201629639, 0.00011429268488427624]"
1033,3,5,"[0.003989956341683865, 0.05882083252072334, 0.07675747573375702, 0.008892643265426159, 0.03152734413743019, 0.818951427936554, 0.0010603173868730664]"
1034,1,1,"[0.1049119159579277, 0.5255985856056213, 0.22288502752780914, 0.07896603643894196, 0.008357512764632702, 0.05822990462183952, 0.0010510311694815755]"
1035,5,5,"[1.9974822862423025e-05, 4.8988826165441424e-05, 0.003213901072740555, 5.102335853734985e-05, 0.009232315234839916, 0.9872148036956787, 0.00021893293887842447]"
1036,5,2,"[0.051466673612594604, 0.28861862421035767, 0.44646206498146057, 0.05618715658783913, 0.05386686697602272, 0.10229386389255524, 0.0011047059670090675]"
1037,5,5,"[1.647890530875884e-05, 0.00011866179556818679, 0.0025761283468455076, 0.00030496952240355313, 0.0005263002822175622, 0.9964016675949097, 5.5779590184101835e-05]"
1038,5,5,"[1.854082256613765e-05, 8.565630560042337e-05, 0.001551554654724896, 0.00016698330000508577, 0.00036426226142793894, 0.9977565407752991, 5.650155071634799e-05]"
1039,5,5,"[0.0033618181478232145, 0.003909311722964048, 0.15341004729270935, 0.0018222149228677154, 0.1708199828863144, 0.666651725769043, 2.4833670977386646e-05]"
1040,5,5,"[5.760368730989285e-05, 0.00022682281269226223, 0.001980069326236844, 0.0007167798466980457, 0.00021246670803520828, 0.9967483282089233, 5.796154073323123e-05]"
1041,5,5,"[0.0043383268639445305, 0.025911571457982063, 0.3528161942958832, 0.006974081974476576, 0.15920233726501465, 0.45049771666526794, 0.00025979767087846994]"
1042,5,5,"[0.007344740442931652, 0.025873539969325066, 0.05716223269701004, 0.005559537559747696, 0.01098116859793663, 0.8930160403251648, 6.264747935347259e-05]"
1043,5,5,"[5.412838436313905e-05, 0.00019676986266858876, 0.0016254164511337876, 0.00046370821655727923, 0.00025157962227240205, 0.997368574142456, 3.980810288339853e-05]"
1044,4,5,"[0.003468948882073164, 0.01603020913898945, 0.2507014572620392, 0.004800582770258188, 0.09076207131147385, 0.6341180205345154, 0.00011871460446855053]"
1045,5,5,"[2.220764145022258e-05, 0.00020395607862155885, 0.0009925386402755976, 0.00040653717587701976, 0.0003130517725367099, 0.9974021911621094, 0.0006596654420718551]"
1046,5,5,"[0.002520353998988867, 0.0037922521587461233, 0.01953502744436264, 0.0006656857440248132, 0.05473599210381508, 0.9185170531272888, 0.00023351458366960287]"
1047,5,2,"[0.011975415050983429, 0.039986949414014816, 0.4460548758506775, 0.01154754962772131, 0.0591428205370903, 0.43123671412467957, 5.564254388445988e-05]"
1048,2,2,"[0.10155966132879257, 0.1070815846323967, 0.5068293809890747, 0.040154047310352325, 0.13132008910179138, 0.11294537782669067, 0.00010984545951941982]"
1049,5,5,"[0.00011409928993089125, 0.0005610286025330424, 0.0012815592344850302, 0.0015548773808404803, 0.00014859825023449957, 0.9958146214485168, 0.0005252723349258304]"
1050,2,6,"[0.08322570472955704, 0.16632921993732452, 0.03094162605702877, 0.23967671394348145, 0.005793883930891752, 0.1296970099210739, 0.3443358540534973]"
1051,2,2,"[0.09537062048912048, 0.0683089941740036, 0.6605984568595886, 0.0367063544690609, 0.08064413070678711, 0.058306850492954254, 6.463278987212107e-05]"
1052,2,0,"[0.35015979409217834, 0.24087712168693542, 0.2661084234714508, 0.07413624972105026, 0.04415491595864296, 0.024134747684001923, 0.00042877605301328003]"
1053,5,2,"[0.014177970588207245, 0.030119119212031364, 0.5230393409729004, 0.012659355998039246, 0.1323316991329193, 0.2876232862472534, 4.9178499466506764e-05]"
1054,2,5,"[0.0019844460766762495, 0.0062902215868234634, 0.36916735768318176, 0.0036694826558232307, 0.10380279272794724, 0.5150650143623352, 2.071780909318477e-05]"
1055,5,5,"[0.00011674602865241468, 0.0004432356508914381, 0.004879557993263006, 0.001320099225267768, 0.00022265555162448436, 0.9929485321044922, 6.912739627296105e-05]"
1056,2,2,"[0.012754319235682487, 0.03004445880651474, 0.5599594712257385, 0.013746462762355804, 0.20311513543128967, 0.1800633817911148, 0.00031674085767008364]"
1057,4,5,"[0.0016821268945932388, 0.003926306031644344, 0.1635168492794037, 0.0012757149524986744, 0.36706429719924927, 0.46236419677734375, 0.00017053062038030475]"
1058,4,5,"[0.0005975548992864788, 0.0004927830304950476, 0.029211845248937607, 0.0001984314149012789, 0.46135783195495605, 0.5076064467430115, 0.0005351045401766896]"
1059,4,4,"[0.018581733107566833, 0.00639937911182642, 0.07981420308351517, 0.003046490019187331, 0.5920764803886414, 0.29989784955978394, 0.00018387478485237807]"
1060,5,4,"[0.0004925479297526181, 0.0004146901483181864, 0.022337546572089195, 0.00023453781614080071, 0.7037249207496643, 0.2709987163543701, 0.0017970431363210082]"
1061,2,0,"[0.36893486976623535, 0.1737089604139328, 0.3333703279495239, 0.055402014404535294, 0.034779008477926254, 0.03309209644794464, 0.0007126823766157031]"
1062,5,5,"[3.118993845419027e-05, 0.00014536941307596862, 0.0012616366147994995, 0.00042161947931163013, 0.0002399830991635099, 0.9977421760559082, 0.00015799154061824083]"
1063,5,5,"[2.3803326257620938e-05, 0.0001175053694169037, 0.001588432933203876, 0.0003138162719551474, 0.0002876605140045285, 0.9976224303245544, 4.634466313291341e-05]"
1064,5,5,"[0.000590771553106606, 0.002092203823849559, 0.12290485948324203, 0.0005659789312630892, 0.2453864961862564, 0.6281939148902893, 0.00026579154655337334]"
1065,5,5,"[8.466464350931346e-05, 0.00021433633810374886, 0.004326809197664261, 0.0002559796266723424, 0.0017251480603590608, 0.9933736324310303, 1.9372844690224156e-05]"
1066,5,5,"[1.5237326806527562e-05, 7.979098882060498e-05, 0.001574237598106265, 0.00014036084758117795, 0.0004820537578780204, 0.9976434111595154, 6.489858060376719e-05]"
1067,2,2,"[0.2576640546321869, 0.155257910490036, 0.37503567337989807, 0.06541180610656738, 0.05778559669852257, 0.08862844109535217, 0.00021657251636497676]"
1068,5,2,"[0.1628117710351944, 0.16952992975711823, 0.28999388217926025, 0.039382971823215485, 0.09423397481441498, 0.24372732639312744, 0.0003201184154022485]"
1069,6,4,"[0.005680939182639122, 0.03941059857606888, 0.237380713224411, 0.00666287075728178, 0.4333198666572571, 0.2661140263080597, 0.011430976912379265]"
1070,5,5,"[0.004757342394441366, 0.006354460492730141, 0.22840885818004608, 0.002688558539375663, 0.1938028782606125, 0.5639506578445435, 3.716900391736999e-05]"
1071,5,5,"[0.00031333861988969147, 0.0007756655686534941, 0.05667232349514961, 0.00031168590066954494, 0.18386904895305634, 0.757552444934845, 0.0005054915091022849]"
1072,4,2,"[0.005951325409114361, 0.010817987844347954, 0.5032649040222168, 0.005983710289001465, 0.15336796641349792, 0.32058432698249817, 2.9777274903608486e-05]"
1073,5,5,"[0.00014829884457867593, 0.0002906351292040199, 0.006204803008586168, 0.00035401861532591283, 0.0021712458692491055, 0.9908177852630615, 1.3171613318263553e-05]"
1074,4,5,"[0.012565086595714092, 0.03395947813987732, 0.17305494844913483, 0.005616204813122749, 0.30673468112945557, 0.4653489291667938, 0.0027207236271351576]"
1075,5,5,"[0.00401657447218895, 0.0029419607017189264, 0.08036845177412033, 0.01075656060129404, 0.0022665776778012514, 0.899634063243866, 1.5860321582295e-05]"
1076,5,5,"[0.000784877804107964, 0.0032203332521021366, 0.0021525626070797443, 0.011679988354444504, 0.0003282178076915443, 0.9665682315826416, 0.015265840105712414]"
1077,5,2,"[0.004728785715997219, 0.049736134707927704, 0.6261873245239258, 0.020612284541130066, 0.024776717647910118, 0.27378323674201965, 0.0001755333214532584]"
1078,2,2,"[0.12320113182067871, 0.07990176975727081, 0.5096830129623413, 0.026464762166142464, 0.17810671031475067, 0.08254243433475494, 0.00010018279863288626]"
1079,5,5,"[0.025127599015831947, 0.24982453882694244, 0.08827440440654755, 0.03471149504184723, 0.04241800308227539, 0.5533940196037292, 0.006249978207051754]"
1080,2,5,"[0.006195298861712217, 0.014177687466144562, 0.30108264088630676, 0.013611439615488052, 0.02432982623577118, 0.6405506134033203, 5.254157440504059e-05]"
1081,5,5,"[0.0017261666944250464, 0.0034850428346544504, 0.03658850118517876, 0.0008002998074516654, 0.03057279996573925, 0.9267899990081787, 3.713095065904781e-05]"
1082,5,5,"[4.595020436681807e-05, 0.00021750169980805367, 0.002188411308452487, 0.0006218399503268301, 0.00019826921925414354, 0.9966561794281006, 7.18082083039917e-05]"
1083,4,4,"[0.0010607936419546604, 0.0012883469462394714, 0.03425239771604538, 0.00041117102955468, 0.5132293701171875, 0.4492747187614441, 0.00048326171236112714]"
1084,0,2,"[0.2236587554216385, 0.3028075397014618, 0.3328024744987488, 0.05598919093608856, 0.036244265735149384, 0.04798480123281479, 0.0005129308556206524]"
1085,2,4,"[0.025270214304327965, 0.11884285509586334, 0.20700901746749878, 0.01270704809576273, 0.40386709570884705, 0.217490553855896, 0.014813254587352276]"
1086,5,5,"[0.00020363129442557693, 0.0005318201729096472, 0.0031667230650782585, 0.0019827622454613447, 0.0002059656399069354, 0.9938272833824158, 8.181418525055051e-05]"
1087,5,5,"[7.710846693953499e-05, 0.000251338176894933, 0.03091619908809662, 0.0002156674163416028, 0.06986765563488007, 0.8983774781227112, 0.00029450535657815635]"
1088,5,2,"[0.003003678983077407, 0.00925444345921278, 0.4575977027416229, 0.003191690193489194, 0.09253714233636856, 0.43438851833343506, 2.6757290470413864e-05]"
1089,6,1,"[0.03578806295990944, 0.36120957136154175, 0.034757792949676514, 0.074713334441185, 0.020885217934846878, 0.12004794925451279, 0.35259810090065]"
1090,0,5,"[0.00039089765050448477, 0.001197558711282909, 0.017041215673089027, 0.002393273636698723, 0.0006433366215787828, 0.9783250689506531, 8.685578904987779e-06]"
1091,5,5,"[4.325879126554355e-05, 0.0002909448812715709, 0.0014522008132189512, 0.0007806989015080035, 0.00016909644182305783, 0.9969577789306641, 0.00030601341859437525]"
1092,5,5,"[1.783878542482853e-05, 9.858849080046639e-05, 0.0014183736639097333, 0.00022501668718177825, 0.0003549532266333699, 0.997765064239502, 0.00012009418423986062]"
1093,5,5,"[1.652859828027431e-05, 6.570600817212835e-05, 0.0016683441353961825, 0.00011172611266374588, 0.0008418671204708517, 0.9972680807113647, 2.7745816623792052e-05]"
1094,5,5,"[2.073773430311121e-05, 0.00010439833567943424, 0.0011018392397090793, 0.00020630516519304365, 0.0002838181972038001, 0.998175859451294, 0.0001070324651664123]"
1095,5,5,"[0.01695854216814041, 0.013770252466201782, 0.25190141797065735, 0.01384742371737957, 0.04537339136004448, 0.6581199169158936, 2.901996049331501e-05]"
1096,2,2,"[0.10121263563632965, 0.053706858307123184, 0.5657028555870056, 0.022889727726578712, 0.16390538215637207, 0.09252895414829254, 5.3518000640906394e-05]"
1097,0,2,"[0.26316386461257935, 0.18672506511211395, 0.3072815537452698, 0.1761266142129898, 0.0037298337556421757, 0.061914484947919846, 0.0010585522977635264]"
1098,4,5,"[0.0029017904307693243, 0.010487877763807774, 0.1312497854232788, 0.002220265567302704, 0.27377521991729736, 0.5787776112556458, 0.0005874242633581161]"
1099,5,5,"[0.00023784882796462625, 0.0007751532830297947, 0.03010759875178337, 0.00019707062165252864, 0.38321220874786377, 0.5845333933830261, 0.0009367761667817831]"
1100,3,1,"[0.16212041676044464, 0.6475337147712708, 0.06320805102586746, 0.08627704530954361, 0.007707173936069012, 0.02298491634428501, 0.01016866322606802]"
1101,5,5,"[8.075978985289112e-05, 0.0003490351955406368, 0.0037382214795798063, 0.0006591440760530531, 0.0003347923920955509, 0.9948082566261292, 2.988505548273679e-05]"
1102,5,5,"[0.00028690951876342297, 0.0009090866660699248, 0.03384345397353172, 0.0002346780092921108, 0.07533779740333557, 0.8893164396286011, 7.164116686908528e-05]"
1103,1,1,"[0.28564342856407166, 0.31330206990242004, 0.20899780094623566, 0.13856461644172668, 0.02474237233400345, 0.02663232572376728, 0.002117385156452656]"
1104,5,5,"[2.1468169506988488e-05, 0.00019949932175222784, 0.0021375655196607113, 0.0004831877595279366, 0.0003424365713726729, 0.9965835213661194, 0.00023239839356392622]"
1105,2,5,"[0.005669875536113977, 0.02938973158597946, 0.22756971418857574, 0.004968992900103331, 0.33270153403282166, 0.3981131911277771, 0.0015870636561885476]"
1106,5,5,"[0.005038877483457327, 0.04997873306274414, 0.04440031573176384, 0.009203989058732986, 0.02423342876136303, 0.8662021160125732, 0.0009424465824849904]"
1107,5,2,"[0.009796357713639736, 0.06498747318983078, 0.5904720425605774, 0.0165847297757864, 0.027447083964943886, 0.29058441519737244, 0.00012788237654604018]"
1108,5,5,"[0.00019773190433625132, 0.0006987188244238496, 0.0034057528246194124, 0.0027634217403829098, 0.00018079382425639778, 0.9926043748855591, 0.00014913051563780755]"
1109,5,1,"[0.2068452686071396, 0.30087608098983765, 0.23058713972568512, 0.06301002204418182, 0.07427127659320831, 0.12391013652086258, 0.0005000553210265934]"
1110,5,5,"[0.07372362911701202, 0.055039115250110626, 0.2995034456253052, 0.023786116391420364, 0.18058203160762787, 0.36726728081703186, 9.837096149567515e-05]"
1111,5,5,"[2.385420521022752e-05, 0.00011772329889936373, 0.0014549113111570477, 0.00023882852110546082, 0.0002734482113737613, 0.9978325963020325, 5.857166979694739e-05]"
1112,5,5,"[0.0003254091425333172, 0.0008135399548336864, 0.024242036044597626, 0.00023625649919267744, 0.10178332030773163, 0.8724461197853088, 0.00015330755559261888]"
1113,4,2,"[0.016661792993545532, 0.08009373396635056, 0.7172659635543823, 0.02881118282675743, 0.08053754270076752, 0.07606077939271927, 0.0005690380930900574]"
1114,2,2,"[0.002918616868555546, 0.01980898156762123, 0.48948541283607483, 0.007260842248797417, 0.07625338435173035, 0.4041908383369446, 8.186555351130664e-05]"
1115,4,5,"[0.0011565244058147073, 0.0028757150284945965, 0.01937226951122284, 0.00038772402331233025, 0.31277260184288025, 0.6579621434211731, 0.005473057273775339]"
1116,2,2,"[0.15042103826999664, 0.21741482615470886, 0.4652705192565918, 0.07323987036943436, 0.03445690497756004, 0.05841058865189552, 0.000786280375905335]"
1117,2,2,"[0.006875010207295418, 0.042745597660541534, 0.7410393357276917, 0.03431285545229912, 0.016952741891145706, 0.1572270691394806, 0.000847442599479109]"
1118,5,5,"[0.000182205272722058, 0.00035751593532040715, 0.007806890178471804, 0.0010124568361788988, 0.0008743813959881663, 0.9897586107254028, 7.904083759058267e-06]"
1119,5,5,"[4.374986747279763e-05, 0.0002017672813963145, 0.0046889870427548885, 0.00022336690744850785, 0.0013069191481918097, 0.9934958219528198, 3.935222412110306e-05]"
1120,0,2,"[0.1982453316450119, 0.15376749634742737, 0.47039785981178284, 0.05724547430872917, 0.08290990442037582, 0.03722945973277092, 0.0002044439606834203]"
1121,5,5,"[0.0005673421546816826, 0.0011350451968610287, 0.01706172153353691, 0.003564284648746252, 0.000929264584556222, 0.9767318964004517, 1.0456515155965462e-05]"
1122,4,2,"[0.011534193530678749, 0.018831580877304077, 0.5924875140190125, 0.007876215502619743, 0.13931651413440704, 0.22992318868637085, 3.0814298952464014e-05]"
1123,4,5,"[0.00048479647375643253, 0.0011227376526221633, 0.11067590862512589, 0.0004704812599811703, 0.20988792181015015, 0.6772918105125427, 6.632473377976567e-05]"
1124,3,5,"[0.018871573731303215, 0.08441685140132904, 0.020363686606287956, 0.0962851345539093, 0.00042848108569160104, 0.77582848072052, 0.0038058781065046787]"
1125,5,5,"[2.0736781152663752e-05, 4.9896039854502305e-05, 0.0010553537867963314, 9.587676322553307e-05, 0.00104270048905164, 0.9976626634597778, 7.27813967387192e-05]"
1126,5,5,"[0.012225654907524586, 0.11679594218730927, 0.26179900765419006, 0.014405368827283382, 0.21897290647029877, 0.36808472871780396, 0.007716481573879719]"
1127,0,1,"[0.2499014139175415, 0.4494743347167969, 0.1865798830986023, 0.07252870500087738, 0.014604518190026283, 0.02485513873398304, 0.0020560610573738813]"
1128,2,2,"[0.15020260214805603, 0.07936551421880722, 0.5547508597373962, 0.03790144622325897, 0.12622909247875214, 0.05141447111964226, 0.00013595227210316807]"
1129,5,5,"[6.293581100180745e-05, 0.0002796815533656627, 0.0020374509040266275, 0.0008874142076820135, 0.0002176585840061307, 0.9964168071746826, 9.800213592825457e-05]"
1130,5,4,"[0.0003086898650508374, 0.0006159012555144727, 0.031519897282123566, 0.000175192704773508, 0.5349633097648621, 0.4293455481529236, 0.003071505343541503]"
1131,5,5,"[0.0281028151512146, 0.044651374220848083, 0.2400035709142685, 0.01170372124761343, 0.17797847092151642, 0.4974413514137268, 0.00011871610331581905]"
1132,1,1,"[0.08356761932373047, 0.6455127000808716, 0.049437686800956726, 0.06601843237876892, 0.005252051632851362, 0.14527319371700287, 0.004938237369060516]"
1133,5,4,"[0.0014099003747105598, 0.0036715108435600996, 0.14750058948993683, 0.0012582571944221854, 0.46613654494285583, 0.379640132188797, 0.00038310023956000805]"
1134,2,2,"[0.004708539228886366, 0.031128348782658577, 0.6418917179107666, 0.012817624025046825, 0.02497091330587864, 0.2844097912311554, 7.308581552933902e-05]"
1135,5,1,"[0.2123669683933258, 0.572769045829773, 0.07711818814277649, 0.11272449791431427, 0.006459461059421301, 0.016596538946032524, 0.00196528690867126]"
1136,2,2,"[0.04085106402635574, 0.02822733297944069, 0.3872159421443939, 0.009506144560873508, 0.26618725061416626, 0.26795342564582825, 5.88342736591585e-05]"
1137,4,5,"[0.0011893672635778785, 0.00588503060862422, 0.1398850530385971, 0.0009446945041418076, 0.403791606426239, 0.4468679130077362, 0.001436303136870265]"
1138,4,5,"[0.00032166758319363, 0.0013022407656535506, 0.02591201663017273, 0.0006056363345123827, 0.004692204296588898, 0.967147707939148, 1.8473321688361466e-05]"
1139,5,1,"[0.16851718723773956, 0.6059114933013916, 0.09483027458190918, 0.07066154479980469, 0.0050017996691167355, 0.05044439062476158, 0.004633264150470495]"
1140,5,5,"[9.213740850100294e-05, 0.0003901213640347123, 0.0017398894997313619, 0.0014590175123885274, 0.00016713821969460696, 0.9958915710449219, 0.0002600544539745897]"
1141,5,5,"[2.9821663702023216e-05, 0.00015287756104953587, 0.0018525321502238512, 0.00047147751320153475, 0.000202300536329858, 0.997211754322052, 7.931758591439575e-05]"
1142,3,5,"[0.00016916710592340678, 0.000549202086403966, 0.002353467745706439, 0.0018788757734000683, 0.0001752164971549064, 0.9947592616081238, 0.00011481349065434188]"
1143,5,4,"[0.07175953686237335, 0.028276974335312843, 0.29802584648132324, 0.01281771156936884, 0.4361661970615387, 0.15284177660942078, 0.00011202800669707358]"
1144,5,5,"[2.624510852911044e-05, 0.00030002466519363225, 0.0009193318546749651, 0.0005741912755183876, 0.00037756262463517487, 0.9941244721412659, 0.003678183304145932]"
1145,5,5,"[0.00037007537321187556, 0.0009028222993947566, 0.004401016049087048, 0.0038209077902138233, 0.0001763376931194216, 0.9901785850524902, 0.00015012314543128014]"
1146,2,2,"[0.03523114323616028, 0.11737175285816193, 0.6799846291542053, 0.052956510335206985, 0.018192671239376068, 0.09616676717996597, 9.658291673986241e-05]"
1147,5,5,"[0.0007594323833473027, 0.002076349686831236, 0.049273598939180374, 0.0006592949503101408, 0.09204477071762085, 0.85513836145401, 4.8265392251778394e-05]"
1148,2,5,"[0.0018434568773955107, 0.007700838148593903, 0.0805874764919281, 0.0011122478172183037, 0.4026850163936615, 0.504011332988739, 0.0020596543326973915]"
1149,5,5,"[2.1280906366882846e-05, 0.00011287710367469117, 0.0021467553451657295, 0.00031575514003634453, 0.0003292593755759299, 0.9970095157623291, 6.444640166591853e-05]"
1150,1,1,"[0.23869679868221283, 0.3544789254665375, 0.13101038336753845, 0.08881472796201706, 0.08642476797103882, 0.09613005816936493, 0.004444258753210306]"
1151,5,5,"[0.00012245071411598474, 0.002517250133678317, 0.051995813846588135, 0.0006414520903490484, 0.03300132974982262, 0.9112356901168823, 0.0004860412154812366]"
1152,5,5,"[2.7941687221755274e-05, 0.0001525816769571975, 0.0012605458032339811, 0.00036416095099411905, 0.0002100398560287431, 0.9978916049003601, 9.314605995314196e-05]"
1153,5,5,"[0.0042215511202812195, 0.006503329612314701, 0.10189562290906906, 0.0021597936283797026, 0.11210238188505173, 0.7730588912963867, 5.847721331520006e-05]"
1154,5,5,"[0.011717624962329865, 0.016482047736644745, 0.34405791759490967, 0.005971897393465042, 0.27701908349990845, 0.34467995166778564, 7.151563477236778e-05]"
1155,5,5,"[0.0001329100487055257, 0.0004814589919988066, 0.0035969095770269632, 0.0019593804609030485, 0.00017679872689768672, 0.9935270547866821, 0.000125460559502244]"
1156,5,5,"[0.0015615245793014765, 0.008189396001398563, 0.026569269597530365, 0.0009864025050774217, 0.1059957891702652, 0.8537527322769165, 0.0029449593275785446]"
1157,5,5,"[1.702863119135145e-05, 8.84071268956177e-05, 0.0020592790096998215, 0.00016296823741868138, 0.0008183831814676523, 0.9967942833900452, 5.9663376305252314e-05]"
1158,1,5,"[0.13001298904418945, 0.2218712717294693, 0.05520952492952347, 0.03531837463378906, 0.11271919310092926, 0.4386599361896515, 0.0062087238766252995]"
1159,5,5,"[0.0005502058775164187, 0.001261026249267161, 0.010814604349434376, 0.0001614020293345675, 0.3582325279712677, 0.6039517521858215, 0.0250285305082798]"
1160,4,5,"[0.00016379992302972823, 0.0004167287261225283, 0.04027297720313072, 0.00017248922085855156, 0.17717084288597107, 0.781547486782074, 0.00025566708063706756]"
1161,5,4,"[0.0014282703632488847, 0.006639644969254732, 0.05963435396552086, 0.0008948522736318409, 0.553683340549469, 0.3597258925437927, 0.017993679270148277]"
1162,6,1,"[0.10859542340040207, 0.5985519886016846, 0.012305104173719883, 0.11936129629611969, 0.006023691967129707, 0.029734956100583076, 0.1254274994134903]"
1163,5,5,"[0.00017743160424288362, 0.0009334202040918171, 0.0023085162974894047, 0.0026325462386012077, 0.00011596534022828564, 0.9935439825057983, 0.00028812410891987383]"
1164,2,2,"[0.05256856977939606, 0.05136111378669739, 0.5411345958709717, 0.012561316601932049, 0.21753716468811035, 0.12471085041761398, 0.0001263461308553815]"
1165,5,5,"[0.0010171436006203294, 0.004899853374809027, 0.014651945792138577, 0.0007967723649926484, 0.036226652562618256, 0.9421185851097107, 0.0002891434414777905]"
1166,5,5,"[0.00015660986537113786, 0.0008769878768362105, 0.0010822097538039088, 0.0019621055107563734, 0.00017549394397065043, 0.9932880997657776, 0.0024584971833974123]"
1167,2,5,"[0.02687973529100418, 0.2529870867729187, 0.2203415185213089, 0.03360896557569504, 0.03201022744178772, 0.432971328496933, 0.0012012015795335174]"
1168,1,1,"[0.21476198732852936, 0.5303253531455994, 0.11364082247018814, 0.11592918634414673, 0.0061997175216674805, 0.016897624358534813, 0.0022453246638178825]"
1169,5,5,"[1.2716704077320173e-05, 6.750923057552427e-05, 0.002287431387230754, 0.00010088800627272576, 0.0010918091284111142, 0.9963791966438293, 6.050068623153493e-05]"
1170,5,5,"[0.02892308495938778, 0.03326069191098213, 0.39707595109939575, 0.05423646420240402, 0.02162034995853901, 0.46485382318496704, 2.9659306164830923e-05]"
1171,2,2,"[0.005410608369857073, 0.028328552842140198, 0.5876939296722412, 0.011066683568060398, 0.038267333060503006, 0.3291403651237488, 9.249346476281062e-05]"
1172,5,5,"[0.0002146181941498071, 0.0008696453296579421, 0.003564528888091445, 0.0032968688756227493, 0.00015789135068189353, 0.991672694683075, 0.0002238006127299741]"
1173,5,5,"[1.8690105207497254e-05, 9.165046503767371e-05, 0.0019251625053584576, 0.00022811483358964324, 0.0004643392749130726, 0.9971656203269958, 0.00010645854490576312]"
1174,2,2,"[0.02404085174202919, 0.036128003150224686, 0.5515439510345459, 0.014879747293889523, 0.24899910390377045, 0.12429828196763992, 0.0001100864537875168]"
1175,5,2,"[0.015221720561385155, 0.1124986782670021, 0.5764351487159729, 0.025317691266536713, 0.07825402170419693, 0.1915961056947708, 0.0006766556762158871]"
1176,5,5,"[0.0002872839686460793, 0.0017348339315503836, 0.09725659340620041, 0.0003644585667643696, 0.20781773328781128, 0.6920145153999329, 0.0005245321081019938]"
1177,5,5,"[0.00011489130702102557, 0.000503460643813014, 0.002018481260165572, 0.002039832528680563, 0.00016919878544285893, 0.9946523904800415, 0.0005017695366404951]"
1178,5,5,"[1.778144360287115e-05, 9.317520743934438e-05, 0.0013421574840322137, 0.00018676735635381192, 0.00032053899485617876, 0.9979648590087891, 7.46972145861946e-05]"
1179,5,5,"[6.089310045354068e-05, 0.000338916463078931, 0.0017690013628453016, 0.0006766261649318039, 0.00014973596262279898, 0.9969316720962524, 7.317646668525413e-05]"
1180,5,5,"[0.0005280030309222639, 0.0015494744293391705, 0.015087840147316456, 0.00039680220652371645, 0.04807756096124649, 0.9341417551040649, 0.0002185741759603843]"
1181,4,4,"[0.005605446174740791, 0.004763474687933922, 0.07750049233436584, 0.0009418032132089138, 0.7081952095031738, 0.2023552805185318, 0.0006382406572811306]"
1182,5,5,"[0.00034316780511289835, 0.0016048029065132141, 0.09694130718708038, 0.0005647061625495553, 0.07310041040182114, 0.8274131417274475, 3.246152846259065e-05]"
1183,5,5,"[0.0003859521821141243, 0.0019966494292020798, 0.0022690128535032272, 0.006154484581202269, 0.00014193900278769433, 0.9870403409004211, 0.0020117086824029684]"
1184,0,1,"[0.334888219833374, 0.4203988313674927, 0.11006759852170944, 0.10241883993148804, 0.01701905019581318, 0.010033230297267437, 0.005174180492758751]"
1185,5,2,"[0.10824432969093323, 0.19698704779148102, 0.3495115637779236, 0.05086369812488556, 0.04482421278953552, 0.24939915537834167, 0.00016997489728964865]"
1186,0,4,"[0.000776756030973047, 0.0010543308453634381, 0.021502036601305008, 0.0003460466396063566, 0.7759893536567688, 0.19503402709960938, 0.005297409370541573]"
1187,5,4,"[0.000989434658549726, 0.003551857778802514, 0.08155441284179688, 0.0007634049979969859, 0.6001325249671936, 0.3101712763309479, 0.0028371158987283707]"
1188,5,5,"[0.0003972723498009145, 0.0032170850317925215, 0.10885336995124817, 0.0010425985092297196, 0.07887464761734009, 0.8073995113372803, 0.00021552591351792216]"
1189,5,5,"[4.3514744902495295e-05, 0.000179252601810731, 0.0032259884756058455, 0.000593401025980711, 0.00033582327887415886, 0.9955848455429077, 3.716501669259742e-05]"
1190,4,5,"[0.0008392828167416155, 0.003021717770025134, 0.03297652676701546, 0.0006197962793521583, 0.0654393807053566, 0.8970057964324951, 9.762650734046474e-05]"
1191,1,1,"[0.19935594499111176, 0.270597904920578, 0.18207037448883057, 0.044780150055885315, 0.0810081884264946, 0.22164838016033173, 0.0005390421720221639]"
1192,5,5,"[0.00037907384103164077, 0.0006814082153141499, 0.02316132001578808, 0.00017000424850266427, 0.19448527693748474, 0.7807270884513855, 0.0003958598244935274]"
1193,5,5,"[8.81940359249711e-05, 0.00014409402501769364, 0.0022526816464960575, 0.0002169538929592818, 0.0013638950185850263, 0.9959147572517395, 1.938384048116859e-05]"
1194,2,2,"[0.004148924257606268, 0.013659214600920677, 0.5304344296455383, 0.0046915519051253796, 0.14606289565563202, 0.3009415864944458, 6.1367369198706e-05]"
1195,4,5,"[0.0019840996246784925, 0.011651807464659214, 0.055658694356679916, 0.0026164602022618055, 0.14081665873527527, 0.7818969488143921, 0.00537523627281189]"
1196,2,5,"[0.08639497309923172, 0.23285363614559174, 0.24484586715698242, 0.04808003827929497, 0.08539051562547684, 0.3017939031124115, 0.0006410417263396084]"
1197,5,5,"[7.487992843380198e-05, 0.00036866823211312294, 0.003421821864321828, 0.0008231971296481788, 0.00026928188162855804, 0.9949540495872498, 8.813795284368098e-05]"
1198,5,0,"[0.34802719950675964, 0.16357825696468353, 0.33135655522346497, 0.052861470729112625, 0.07585066556930542, 0.027397101745009422, 0.0009287280263379216]"
1199,5,5,"[0.0009526946232654154, 0.0019026175141334534, 0.010053184814751148, 0.009061255492269993, 0.0003096260770689696, 0.9775411486625671, 0.00017949492030311376]"
1200,5,5,"[0.027132557705044746, 0.21610791981220245, 0.06430646777153015, 0.023697195574641228, 0.022284070029854774, 0.640069842338562, 0.006401970982551575]"
1201,5,5,"[9.815712837735191e-05, 0.0005505011067725718, 0.003199328202754259, 0.0015940316952764988, 0.0001764053595252335, 0.9942089319229126, 0.00017263148038182408]"
1202,5,5,"[1.7141506759799086e-05, 9.085697092814371e-05, 0.0019101088400930166, 0.0002409163862466812, 0.0005912815686315298, 0.99698406457901, 0.0001657347020227462]"
1203,4,1,"[0.31502565741539, 0.4503321349620819, 0.08592978864908218, 0.09783727675676346, 0.02433106303215027, 0.02324770949780941, 0.003296372015029192]"
1204,5,5,"[0.009178326465189457, 0.09827074408531189, 0.13380417227745056, 0.018510300666093826, 0.012224371545016766, 0.7277811765670776, 0.00023093986965250224]"
1205,5,5,"[8.456040086457506e-05, 0.00024108505749609321, 0.004623869899660349, 0.0008206559577956796, 0.0004487966070882976, 0.9937631487846375, 1.794700074242428e-05]"
1206,5,5,"[0.0007417948800139129, 0.012255840003490448, 0.1747846007347107, 0.0018229193519800901, 0.21035876870155334, 0.5915089249610901, 0.008527131751179695]"
1207,5,5,"[0.006312860641628504, 0.0360911525785923, 0.18918085098266602, 0.009154350496828556, 0.06828080117702484, 0.6907931566238403, 0.00018684848328121006]"
1208,1,2,"[0.2937752902507782, 0.16693377494812012, 0.37037429213523865, 0.06601902097463608, 0.049859464168548584, 0.052781540900468826, 0.0002566595212556422]"
1209,2,4,"[0.03132093325257301, 0.03799279406666756, 0.4188503324985504, 0.011579439043998718, 0.4214933514595032, 0.07820115238428116, 0.0005619500880129635]"
1210,5,5,"[2.156196569558233e-05, 0.00011425691627664492, 0.0019571257289499044, 0.00030406072619371116, 0.00029543996788561344, 0.9972264170646667, 8.109356713248417e-05]"
1211,5,5,"[0.004058901686221361, 0.011551592499017715, 0.22286877036094666, 0.0034979362972080708, 0.1440989375114441, 0.6138437390327454, 8.011209138203412e-05]"
1212,5,5,"[4.51050691481214e-05, 0.00021276733605191112, 0.0023192651569843292, 0.0006363009451888502, 0.00020661763846874237, 0.9965208768844604, 5.915512883802876e-05]"
1213,4,4,"[0.002677453914657235, 0.013335103169083595, 0.07662535458803177, 0.002687660977244377, 0.6319116950035095, 0.25497961044311523, 0.01778317056596279]"
1214,1,1,"[0.2958386242389679, 0.5395682454109192, 0.05663047730922699, 0.07905152440071106, 0.009350727312266827, 0.014690685085952282, 0.004869771655648947]"
1215,5,5,"[3.757682134164497e-05, 0.00016852283442858607, 0.0018155756406486034, 0.0005902051343582571, 0.00023881967354100198, 0.9970613121986389, 8.7882493971847e-05]"
1216,4,5,"[0.011765718460083008, 0.06292179226875305, 0.10103285312652588, 0.010381694883108139, 0.07555419206619263, 0.7377154231071472, 0.0006283184629864991]"
1217,4,5,"[0.0005911755724810064, 0.004573896061629057, 0.011048238724470139, 0.0004963650717400014, 0.09202738851308823, 0.8624085187911987, 0.028854405507445335]"
1218,5,5,"[0.001452752621844411, 0.006494085770100355, 0.05298396199941635, 0.0013154054759070277, 0.1402272880077362, 0.7964483499526978, 0.0010781706077978015]"
1219,4,2,"[0.0637587159872055, 0.039319463074207306, 0.6526798605918884, 0.020451262593269348, 0.13592129945755005, 0.08783508837223053, 3.43147839885205e-05]"
1220,5,5,"[0.00016121698718052357, 0.0004480534989852458, 0.00767053198069334, 0.001400135806761682, 0.0004298164276406169, 0.9898778796195984, 1.2406242603901774e-05]"
1221,5,5,"[0.0025102999061346054, 0.010347684845328331, 0.04283354803919792, 0.001627364195883274, 0.022774694487452507, 0.9198029041290283, 0.00010348131763748825]"
1222,0,1,"[0.2583654820919037, 0.5402844548225403, 0.08923269063234329, 0.0697699636220932, 0.012794137001037598, 0.02547713741660118, 0.004076122771948576]"
1223,2,2,"[0.009415129199624062, 0.017307721078395844, 0.469104528427124, 0.010188242420554161, 0.1311725229024887, 0.362782746553421, 2.9066506613162346e-05]"
1224,4,5,"[0.0002859058149624616, 0.0007313425303436816, 0.022550534456968307, 0.00015403397264890373, 0.09002386778593063, 0.8860810399055481, 0.0001733059762045741]"
1225,5,5,"[0.0029036507476121187, 0.0056719048880040646, 0.08948147296905518, 0.0009993421845138073, 0.25700318813323975, 0.6436188220977783, 0.00032156947418116033]"
1226,5,5,"[0.0009726010030135512, 0.002294483594596386, 0.008018828928470612, 0.00032842866494320333, 0.06847166270017624, 0.9192025065422058, 0.0007115945336408913]"
1227,5,5,"[4.2420080717420205e-05, 0.0002618793514557183, 0.002543696900829673, 0.0003739862295333296, 0.0003153341531287879, 0.996370792388916, 9.181947098113596e-05]"
1228,5,5,"[0.00015286289271898568, 0.0006165194208733737, 0.0020780989434570074, 0.0022787617053836584, 0.00015103329496923834, 0.9943869113922119, 0.00033581076422706246]"
1229,3,1,"[0.08707524836063385, 0.4191570281982422, 0.30565157532691956, 0.07963817566633224, 0.01013906393200159, 0.09772741794586182, 0.0006115357973612845]"
1230,5,5,"[0.0021796622313559055, 0.003309235442429781, 0.31856194138526917, 0.0017038643127307296, 0.21265989542007446, 0.4615410268306732, 4.43884200649336e-05]"
1231,5,5,"[5.860149030922912e-05, 0.0003976071602664888, 0.002501971321180463, 0.0006788264727219939, 0.00013028863759245723, 0.9961190223693848, 0.0001137232466135174]"
1232,0,2,"[0.26421231031417847, 0.2077849954366684, 0.3474407196044922, 0.04265039414167404, 0.06936588138341904, 0.06817986816167831, 0.0003658393688965589]"
1233,2,2,"[0.014177407138049603, 0.015388895757496357, 0.7515838146209717, 0.013946671970188618, 0.06305600702762604, 0.1418074667453766, 3.972294143750332e-05]"
1234,2,2,"[0.04549766331911087, 0.15346190333366394, 0.6337671875953674, 0.04773087427020073, 0.019211966544389725, 0.10019419342279434, 0.00013622961705550551]"
1235,5,5,"[1.7548236428410746e-05, 7.583639671793208e-05, 0.0011139169801026583, 0.00018757485668174922, 0.00037394705577753484, 0.9980989098548889, 0.00013232942728791386]"
1236,5,5,"[0.06350112706422806, 0.03563614934682846, 0.38036656379699707, 0.053486235439777374, 0.0341763012111187, 0.4327584207057953, 7.521802035626024e-05]"
1237,1,5,"[0.003674919018521905, 0.015136759728193283, 0.05623862147331238, 0.0022085090167820454, 0.3973618447780609, 0.49601712822914124, 0.029362134635448456]"
1238,5,5,"[0.002635744633153081, 0.01592266373336315, 0.016416801139712334, 0.011757167987525463, 0.004465887323021889, 0.9410211443901062, 0.007780620362609625]"
1239,5,5,"[7.184538844740018e-05, 0.0002774152089841664, 0.0029555067885667086, 0.0009966116631403565, 0.0004748923529405147, 0.9951039552688599, 0.00011978485417785123]"
1240,5,2,"[0.007470787037163973, 0.02675800211727619, 0.6285486817359924, 0.0142388129606843, 0.05315687507390976, 0.26977699995040894, 4.9925747589441016e-05]"
1241,2,2,"[0.12594860792160034, 0.17835941910743713, 0.3578929901123047, 0.04308957979083061, 0.117915078997612, 0.1765703409910202, 0.00022401398746296763]"
1242,5,5,"[5.0035454478347674e-05, 0.00027058739215135574, 0.0019338020356371999, 0.0006880173459649086, 0.00015578501916024834, 0.9968006610870361, 0.00010109107097378]"
1243,5,5,"[0.0038981891702860594, 0.006792775355279446, 0.09344583004713058, 0.0016250232001766562, 0.3443022072315216, 0.5494304299354553, 0.0005054915673099458]"
1244,4,2,"[0.2829909026622772, 0.25402694940567017, 0.30328789353370667, 0.07140927761793137, 0.05758488178253174, 0.030290577560663223, 0.00040943885687738657]"
1245,5,5,"[7.133228064049035e-05, 0.00028132909210398793, 0.0032778505701571703, 0.000589913222938776, 0.0003393672523088753, 0.9954261183738708, 1.413025165675208e-05]"
1246,0,2,"[0.011311294510960579, 0.04458702728152275, 0.5578995943069458, 0.013777813874185085, 0.06414791196584702, 0.30822375416755676, 5.2592557040043175e-05]"
1247,1,1,"[0.2258768230676651, 0.611289918422699, 0.05441915616393089, 0.08315127342939377, 0.003903874894604087, 0.017702586948871613, 0.0036563905887305737]"
1248,5,5,"[2.112379479513038e-05, 0.0001410127297276631, 0.0015634354203939438, 0.0002945953165180981, 0.00028586233383975923, 0.997519314289093, 0.00017461487732362002]"
1249,5,5,"[5.554861490963958e-05, 0.00024364567070733756, 0.0024472365621477365, 0.0006663399399258196, 0.00022231526963878423, 0.9963370561599731, 2.7971422241535038e-05]"
1250,5,5,"[5.1900533435400575e-05, 0.00024324790865648538, 0.0013741031289100647, 0.0003422933805268258, 0.00025254226056858897, 0.9976812601089478, 5.462307672132738e-05]"
1251,5,5,"[0.00014477114018518478, 0.0008339390624314547, 0.013804690912365913, 0.00018513260874897242, 0.04660780727863312, 0.9379793405532837, 0.0004443350189831108]"
1252,4,4,"[0.0006170629640109837, 0.0010392932454124093, 0.09316126257181168, 0.0006653880700469017, 0.5015316009521484, 0.4024069905281067, 0.00057839578948915]"
1253,1,1,"[0.1657065749168396, 0.5325998067855835, 0.12182926386594772, 0.06555307656526566, 0.01989433355629444, 0.09259725362062454, 0.0018196316668763757]"
1254,5,5,"[7.294948591152206e-05, 0.00028436107095330954, 0.0013352410169318318, 0.0005861743120476604, 0.0001813140552258119, 0.9974685907363892, 7.134971383493394e-05]"
1255,5,5,"[3.535961150191724e-05, 0.0001614309148862958, 0.0014283702475950122, 0.0003924191405531019, 0.0002198013971792534, 0.9977124929428101, 5.0151960749644786e-05]"
1256,5,5,"[0.00032750345417298377, 0.001318100607022643, 0.04917321354150772, 0.00027836611843667924, 0.3765692412853241, 0.5708862543106079, 0.0014473568880930543]"
1257,5,5,"[3.944577474612743e-05, 0.00020005909027531743, 0.0039054243825376034, 0.0004347025533206761, 0.0005291852867230773, 0.9948657155036926, 2.5519528207951225e-05]"
1258,5,5,"[5.3631854825653136e-05, 0.00026981334667652845, 0.0015645030653104186, 0.0007387871155515313, 0.00016630836762487888, 0.9970906972885132, 0.00011632827227003872]"
1259,5,5,"[0.0005514531512744725, 0.002066434361040592, 0.1001511737704277, 0.0014059956884011626, 0.012265827506780624, 0.8835510611534119, 8.070084732025862e-06]"
1260,2,2,"[0.16473324596881866, 0.1570304036140442, 0.5188252329826355, 0.04918888956308365, 0.060573067516088486, 0.04939756542444229, 0.0002516196109354496]"
1261,2,4,"[0.021129360422492027, 0.031870122998952866, 0.40336257219314575, 0.010471678338944912, 0.462348610162735, 0.06949038803577423, 0.0013272609794512391]"
1262,5,5,"[4.549101504380815e-05, 0.00033002361305989325, 0.0013222075067460537, 0.000832726014778018, 0.00025429707602597773, 0.9959832429885864, 0.0012318806257098913]"
1263,5,5,"[0.0015817162347957492, 0.011284075677394867, 0.14696548879146576, 0.0017985855229198933, 0.1884138584136963, 0.6493292450904846, 0.0006269471487030387]"
1264,5,5,"[0.009250839240849018, 0.02976842224597931, 0.2933834195137024, 0.004409914370626211, 0.21500025689601898, 0.44782501459121704, 0.0003620758652687073]"
1265,2,2,"[0.0037036233115941286, 0.012100494466722012, 0.5307753682136536, 0.007492381148040295, 0.08548510074615479, 0.36041462421417236, 2.839372245944105e-05]"
1266,5,5,"[2.4186840164475143e-05, 0.00018296446069143713, 0.0016028599347919226, 0.000315021607093513, 0.00023716593568678945, 0.9974804520606995, 0.00015735744091216475]"
1267,5,5,"[3.823313818429597e-05, 0.0001481607323512435, 0.0020394325256347656, 0.00030168407829478383, 0.00032256520353257656, 0.9971243739128113, 2.5555036700097844e-05]"
1268,5,5,"[0.0041405814699828625, 0.054088301956653595, 0.04856021702289581, 0.013557138852775097, 0.02236526645720005, 0.8262518644332886, 0.031036676838994026]"
1269,5,5,"[0.0013680256670340896, 0.0048722922801971436, 0.10837554186582565, 0.0014754795702174306, 0.06686081737279892, 0.8170129060745239, 3.4999451600015163e-05]"
1270,5,0,"[0.27108094096183777, 0.2522779703140259, 0.14654909074306488, 0.06958870589733124, 0.10724315792322159, 0.15043075382709503, 0.0028294003568589687]"
1271,0,1,"[0.2682189643383026, 0.5111509561538696, 0.08942640572786331, 0.10129853338003159, 0.00213908264413476, 0.02619072049856186, 0.0015753108309581876]"
1272,5,5,"[0.113991878926754, 0.25151553750038147, 0.07100063562393188, 0.25181761384010315, 0.004777998197823763, 0.2986566424369812, 0.00823973212391138]"
1273,4,2,"[0.22924421727657318, 0.08358705788850784, 0.425635427236557, 0.041703961789608, 0.15623535215854645, 0.0634816363453865, 0.00011227482900721952]"
1274,5,5,"[3.843545346171595e-05, 0.0001701930450508371, 0.0011914115166291595, 0.0005067380261607468, 0.000221387148485519, 0.9977788329124451, 9.296933421865106e-05]"
1275,2,5,"[0.00033069829805754125, 0.0006292492616921663, 0.06257505714893341, 0.0003112060949206352, 0.2099204659461975, 0.7261596322059631, 7.364801422227174e-05]"
1276,2,2,"[0.20305436849594116, 0.19817157089710236, 0.44156646728515625, 0.05201693996787071, 0.0589408315718174, 0.0458199605345726, 0.0004297934356145561]"
1277,1,1,"[0.16809383034706116, 0.6358247995376587, 0.05867556855082512, 0.105094775557518, 0.006657447200268507, 0.017943918704986572, 0.007709701545536518]"
1278,5,5,"[1.7992610082728788e-05, 7.706338510615751e-05, 0.0009166558156721294, 0.00012238346971571445, 0.00043459731386974454, 0.9983296990394592, 0.00010159888915950432]"
1279,4,5,"[0.0007183143170550466, 0.004232082981616259, 0.0460641086101532, 0.003021321725100279, 0.0069003235548734665, 0.9386762380599976, 0.00038755027344450355]"
1280,5,5,"[0.0008508933242410421, 0.008682990446686745, 0.037682533264160156, 0.0012818939285352826, 0.010683056898415089, 0.9406964778900146, 0.00012216277536936104]"
1281,5,1,"[0.332712858915329, 0.3602240979671478, 0.15366241335868835, 0.12488406896591187, 0.004970146808773279, 0.01830150932073593, 0.005244869273155928]"
1282,5,5,"[0.0016246482264250517, 0.006263538729399443, 0.03527247533202171, 0.0008934675133787096, 0.03561817482113838, 0.9201828837394714, 0.00014481339894700795]"
1283,0,1,"[0.34225359559059143, 0.3814364969730377, 0.11448129266500473, 0.10580035299062729, 0.02949923276901245, 0.015739813446998596, 0.010789304040372372]"
1284,5,5,"[0.002072285395115614, 0.004287817049771547, 0.0775236263871193, 0.0012718461221083999, 0.17435158789157867, 0.7403732538223267, 0.00011962602729909122]"
1285,5,5,"[0.0010977346682921052, 0.004040684551000595, 0.29479947686195374, 0.001638793502934277, 0.1997084617614746, 0.49862998723983765, 8.475123468087986e-05]"
1286,2,2,"[0.10887264460325241, 0.21879708766937256, 0.4876777231693268, 0.04179821163415909, 0.05072441324591637, 0.09171945601701736, 0.00041044317185878754]"
1287,5,5,"[5.441183384391479e-05, 0.0001726054324535653, 0.002399209886789322, 0.00044240985880605876, 0.0003732017648871988, 0.9965373277664185, 2.0903858967358246e-05]"
1288,5,5,"[5.137367043062113e-05, 0.00020129857875872403, 0.0034902591723948717, 0.0006814526859670877, 0.00032681840821169317, 0.9952163696289062, 3.238876524847001e-05]"
1289,0,1,"[0.19861578941345215, 0.5131495594978333, 0.0864519476890564, 0.10323742032051086, 0.040223557502031326, 0.05372537672519684, 0.004596327897161245]"
1290,5,5,"[0.0005997566040605307, 0.003451795317232609, 0.07872437685728073, 0.0008728562970645726, 0.31719955801963806, 0.594010591506958, 0.005141125060617924]"
1291,5,5,"[3.5208711778977886e-05, 0.00010783701873151585, 0.0019062431529164314, 6.593692523892969e-05, 0.0011415556073188782, 0.9966468214988708, 9.629211854189634e-05]"
1292,5,5,"[0.00019796090782620013, 0.000490723003167659, 0.054660364985466, 0.0003144351067021489, 0.10016877949237823, 0.8440986275672913, 6.907502393005416e-05]"
1293,5,5,"[4.927707414026372e-05, 0.00017738653696142137, 0.003320109797641635, 0.0005697482847608626, 0.0003173565200995654, 0.9955287575721741, 3.7268295272951946e-05]"
1294,5,5,"[7.668395846849307e-05, 0.00019354149117134511, 0.0029236925765872, 0.0007131543243303895, 0.00030627453816123307, 0.995756208896637, 3.045632183784619e-05]"
1295,5,2,"[0.01029258407652378, 0.05838380008935928, 0.49205344915390015, 0.013767107389867306, 0.22966353595256805, 0.1946905255317688, 0.00114895636215806]"
1296,5,5,"[3.55445736204274e-05, 0.00016834567941259593, 0.001491539180278778, 0.0004781727329827845, 0.0001846291997935623, 0.9975570440292358, 8.461991092190146e-05]"
1297,5,5,"[0.027014318853616714, 0.19859936833381653, 0.17720118165016174, 0.030889349058270454, 0.03643348813056946, 0.5291354060173035, 0.0007268533809110522]"
1298,5,4,"[0.0049706497229635715, 0.008380455896258354, 0.2912133038043976, 0.0020698090083897114, 0.4871167838573456, 0.2059464454650879, 0.0003025644109584391]"
1299,5,5,"[1.929171776282601e-05, 0.00012358144158497453, 0.0015458771958947182, 0.0002984657767228782, 0.00037870125379413366, 0.9973944425582886, 0.00023975377553142607]"
1300,5,5,"[0.0014099632389843464, 0.01384496595710516, 0.1089484691619873, 0.0016115369508042932, 0.16216179728507996, 0.7097684144973755, 0.0022548648994416]"
1301,5,5,"[0.0037044270429760218, 0.04348928481340408, 0.13437621295452118, 0.004740642383694649, 0.27882784605026245, 0.507602870464325, 0.027258694171905518]"
1302,5,5,"[3.9620190364075825e-05, 0.0001821878831833601, 0.0023282726760953665, 0.0004891669377684593, 0.0002147136110579595, 0.9967054724693298, 4.0629329305374995e-05]"
1303,5,5,"[5.4164291213965043e-05, 0.0002594743564259261, 0.001976455794647336, 0.0008854811894707382, 0.00026431764126755297, 0.9963906407356262, 0.00016940609202720225]"
1304,4,2,"[0.00798313319683075, 0.01284991018474102, 0.3958558440208435, 0.0050954013131558895, 0.1843423843383789, 0.393839567899704, 3.375356027390808e-05]"
1305,5,1,"[0.1810474991798401, 0.4936705529689789, 0.13044002652168274, 0.07599113136529922, 0.0074105472303926945, 0.11072735488414764, 0.000712857348844409]"
1306,5,5,"[2.7738986318581738e-05, 0.00016008404782041907, 0.0016001422191038728, 0.00035408278927206993, 0.00020189407223369926, 0.9975513815879822, 0.0001045961253112182]"
1307,5,5,"[3.7203899410087615e-05, 0.000248857046244666, 0.0017125100130215287, 0.0005133660743013024, 0.00020139029948040843, 0.997156023979187, 0.00013056864554528147]"
1308,5,5,"[0.001540855853818357, 0.008378762751817703, 0.028531095013022423, 0.0007591971661895514, 0.18036161363124847, 0.7755895256996155, 0.004838929045945406]"
1309,5,5,"[0.00015038359561003745, 0.0006193153676576912, 0.004104381427168846, 0.002002424793317914, 0.00020585033053066581, 0.9928721785545349, 4.551208621705882e-05]"
1310,5,5,"[1.9271814380772412e-05, 7.882274076109752e-05, 0.002388343447819352, 0.00012982355838175863, 0.000796432257629931, 0.9965601563453674, 2.7199057512916625e-05]"
1311,5,5,"[5.440133099909872e-05, 0.0002800924121402204, 0.0018312422325834632, 0.0011167620541527867, 0.0004192172782495618, 0.9954635500907898, 0.0008347465773113072]"
1312,5,5,"[0.0008635735139250755, 0.0023426110856235027, 0.09199617058038712, 0.0005637063295580447, 0.32288166880607605, 0.5808171033859253, 0.0005351949366740882]"
1313,4,4,"[0.0024896145332604647, 0.010886330157518387, 0.06564387679100037, 0.0018072561360895634, 0.6373486518859863, 0.2524073123931885, 0.029416877776384354]"
1314,5,5,"[3.071163155254908e-05, 0.00013064690574537963, 0.002094510244205594, 0.00045305665116757154, 0.00030011398484930396, 0.9969262480735779, 6.479120929725468e-05]"
1315,5,5,"[0.001183725311420858, 0.007114215288311243, 0.0387934073805809, 0.0011286981170997024, 0.10276002436876297, 0.8483735918998718, 0.0006464449688792229]"
1316,2,1,"[0.2789389491081238, 0.3812296688556671, 0.16082054376602173, 0.09637003391981125, 0.041232310235500336, 0.04057290032505989, 0.0008356318576261401]"
1317,5,5,"[3.687566641019657e-05, 0.00020965297881048173, 0.002070703776553273, 0.0006549315876327455, 0.00022028424427844584, 0.9966748952865601, 0.00013263743312563747]"
1318,5,6,"[0.011310670524835587, 0.08511146157979965, 0.011906403116881847, 0.006634321063756943, 0.09244035184383392, 0.17466986179351807, 0.6179269552230835]"
1319,4,5,"[0.016867421567440033, 0.30118921399116516, 0.0812072828412056, 0.0478658564388752, 0.06296806037425995, 0.4364854693412781, 0.05341668054461479]"
1320,5,5,"[2.383425089647062e-05, 0.00012009893544018269, 0.0017207884229719639, 0.000296441197860986, 0.0002861961256712675, 0.9974886178970337, 6.406467582564801e-05]"
1321,5,5,"[0.0002207242214353755, 0.0009342385455965996, 0.0070387087762355804, 0.00016220098768826574, 0.07719005644321442, 0.9103113412857056, 0.004142711870372295]"
1322,5,4,"[0.01095399260520935, 0.01663494110107422, 0.30168136954307556, 0.00459721963852644, 0.36565178632736206, 0.30026620626449585, 0.00021448072220664471]"
1323,5,5,"[1.5882655134191737e-05, 7.677161192987114e-05, 0.0016625351272523403, 0.00017505187133792788, 0.0004051243304274976, 0.9976058006286621, 5.8741035900311545e-05]"
1324,6,5,"[0.0028748116455972195, 0.04886311665177345, 0.014330824837088585, 0.0041853757575154305, 0.03950284421443939, 0.8440086841583252, 0.04623439908027649]"
1325,5,5,"[5.01672548125498e-05, 0.00021652721625287086, 0.0014205543557181954, 0.0006178300245665014, 0.000175507680978626, 0.9973982572555542, 0.00012121415784349665]"
1326,2,5,"[0.00030343682738021016, 0.0012722533429041505, 0.004501675721257925, 0.00505236117169261, 0.00021267408737912774, 0.9883033037185669, 0.0003541996702551842]"
1327,6,1,"[0.05703183263540268, 0.6275842189788818, 0.015119652263820171, 0.0943029448390007, 0.006459521595388651, 0.039731644093990326, 0.1597701758146286]"
1328,5,5,"[0.0009037493728101254, 0.0016384164337068796, 0.010065586306154728, 0.004734135698527098, 0.0003483114414848387, 0.9822655916213989, 4.420304685481824e-05]"
1329,1,2,"[0.0832124724984169, 0.32122525572776794, 0.45166879892349243, 0.07371562719345093, 0.021090978756546974, 0.04840848967432976, 0.0006783335702493787]"
1330,5,5,"[0.010593450628221035, 0.019080663099884987, 0.16042160987854004, 0.006612574215978384, 0.0726192444562912, 0.730634868144989, 3.758392995223403e-05]"
1331,5,5,"[0.02549193613231182, 0.08289705216884613, 0.10466556996107101, 0.009561792016029358, 0.03735877573490143, 0.7397127747535706, 0.0003120859619230032]"
1332,2,5,"[0.0011977285612374544, 0.000805725168902427, 0.09387970715761185, 0.001976857427507639, 0.15426434576511383, 0.7474604845046997, 0.0004150540626142174]"
1333,1,1,"[0.05110790207982063, 0.31493303179740906, 0.06418092548847198, 0.03448495641350746, 0.180074542760849, 0.2765672504901886, 0.07865137606859207]"
1334,4,2,"[0.06093516945838928, 0.2673893868923187, 0.38545727729797363, 0.08308391273021698, 0.03708455339074135, 0.16572865843772888, 0.0003210307622794062]"
1335,2,5,"[0.0020177792757749557, 0.022400174289941788, 0.3510238826274872, 0.004996235948055983, 0.08421086519956589, 0.53480064868927, 0.000550408149138093]"
1336,4,5,"[0.005800196435302496, 0.08270008862018585, 0.16504210233688354, 0.010649130679666996, 0.21772243082523346, 0.49454641342163086, 0.02353964000940323]"
1337,5,5,"[7.069364801282063e-05, 0.00029080777312628925, 0.0031947679817676544, 0.00038917234633117914, 0.000325727101881057, 0.9957108497619629, 1.794784293451812e-05]"
1338,5,5,"[4.894884114037268e-05, 0.0002766544639598578, 0.0014069498283788562, 0.0005628534127026796, 0.00016596174100413918, 0.9973914623260498, 0.00014706156798638403]"
1339,5,2,"[0.01996665820479393, 0.024056028574705124, 0.4301711618900299, 0.009339049458503723, 0.2624344527721405, 0.2539758086204529, 5.6802575272740796e-05]"
1340,2,5,"[0.001261238008737564, 0.012135247699916363, 0.2541193664073944, 0.004921412095427513, 0.050311408936977386, 0.6771609783172607, 9.033234528033063e-05]"
1341,4,4,"[0.004873246420174837, 0.013054232113063335, 0.19499889016151428, 0.003834024304524064, 0.3975507318973541, 0.38520798087120056, 0.00048093521036207676]"
1342,2,2,"[0.015760784968733788, 0.013420660980045795, 0.49453994631767273, 0.014829917810857296, 0.05146056413650513, 0.4099760055541992, 1.2085531125194393e-05]"
1343,5,5,"[0.03202619031071663, 0.038068726658821106, 0.15560698509216309, 0.0061294580809772015, 0.2762954533100128, 0.49148401618003845, 0.0003891742089763284]"
1344,5,5,"[0.0011333322618156672, 0.002350027207285166, 0.008042038418352604, 0.008497240953147411, 0.00020853211754001677, 0.9796437621116638, 0.0001251755456905812]"
1345,2,5,"[0.028727244585752487, 0.04611347243189812, 0.27657076716423035, 0.060413070023059845, 0.009699958376586437, 0.5783877372741699, 8.77429120009765e-05]"
1346,5,5,"[0.001608588034287095, 0.005075672175735235, 0.3419265151023865, 0.0028661664109677076, 0.16059163212776184, 0.48785459995269775, 7.68509999033995e-05]"
1347,5,5,"[7.862145866965875e-05, 0.0004262717848177999, 0.0013809112133458257, 0.0012992927804589272, 0.00018386512238066643, 0.9960014224052429, 0.0006296242936514318]"
1348,5,5,"[0.001846086815930903, 0.007987071759998798, 0.07758764922618866, 0.001477800658904016, 0.0712914913892746, 0.8397091627120972, 0.00010074971214635298]"
1349,5,5,"[0.0009295857162214816, 0.00493535865098238, 0.07382049411535263, 0.0008358487393707037, 0.1365704983472824, 0.7825307250022888, 0.0003775612567551434]"
1350,4,4,"[0.00037105780211277306, 0.0005060469848103821, 0.03732422739267349, 0.0002533415099605918, 0.5090104341506958, 0.4514736831188202, 0.0010612113401293755]"
1351,2,4,"[0.0014373179292306304, 0.006112581118941307, 0.07603016495704651, 0.000997997121885419, 0.692590057849884, 0.21108928322792053, 0.01174254808574915]"
1352,5,5,"[0.0001984393602469936, 0.00047579072997905314, 0.010042659938335419, 0.00168074038811028, 0.0005562827573157847, 0.9870331287384033, 1.2941401109856088e-05]"
1353,5,5,"[4.073984382557683e-05, 0.00022544481907971203, 0.0033149400260299444, 0.00045081289135850966, 0.00024157973530236632, 0.995686411857605, 4.0203434764407575e-05]"
1354,5,5,"[0.005237634759396315, 0.01176842674612999, 0.04145697131752968, 0.0011584422318264842, 0.17296989262104034, 0.766044020652771, 0.0013645743019878864]"
1355,5,5,"[0.0008453978807665408, 0.0017568645998835564, 0.07656797021627426, 0.0004810853861272335, 0.3205302655696869, 0.5996109843254089, 0.0002074449002975598]"
1356,5,5,"[3.1311730708694085e-05, 0.00023588688054587692, 0.0009740008390508592, 0.0005239631282165647, 0.00019584636902436614, 0.9976732134819031, 0.00036577144055627286]"
1357,5,5,"[3.514088530209847e-05, 0.00015233746671583503, 0.0019243950955569744, 0.00036086590262129903, 0.00027942750602960587, 0.9972164630889893, 3.1368272175313905e-05]"
1358,5,5,"[4.4274842366576195e-05, 0.00024145950737874955, 0.0023045591078698635, 0.0007609532331116498, 0.00036688894033432007, 0.9958553910255432, 0.0004264495801180601]"
1359,2,2,"[0.049984198063611984, 0.049657028168439865, 0.783237099647522, 0.030629649758338928, 0.04170699417591095, 0.04474511370062828, 3.98958582081832e-05]"
1360,4,5,"[0.0010345043847337365, 0.007555107120424509, 0.03365369513630867, 0.0009445986361242831, 0.27497920393943787, 0.6623408198356628, 0.01949210651218891]"
1361,5,5,"[0.007725378964096308, 0.02471994422376156, 0.02794044464826584, 0.0024027987383306026, 0.07306729257106781, 0.8628394603729248, 0.0013046556850895286]"
1362,5,5,"[3.350556653458625e-05, 0.00018284618272446096, 0.0013819900341331959, 0.0005415952182374895, 0.00022395819541998208, 0.9974556565284729, 0.00018044575699605048]"
1363,5,5,"[0.00013083948579151183, 0.0012591937556862831, 0.07900062203407288, 0.000543551635928452, 0.02005099505186081, 0.8989903926849365, 2.4375814973609522e-05]"
1364,5,5,"[0.0002014138881349936, 0.0005452887271530926, 0.035057295113801956, 0.00040734303183853626, 0.04710927978157997, 0.9165962338447571, 8.324780355906114e-05]"
1365,1,1,"[0.3832324147224426, 0.4163340926170349, 0.0963723212480545, 0.08546678721904755, 0.004692770075052977, 0.011458616703748703, 0.0024430055636912584]"
1366,5,5,"[0.00021498427668120712, 0.0008981051505543292, 0.008356057107448578, 0.00019511526625137776, 0.006568155717104673, 0.9836692214012146, 9.83479549176991e-05]"
1367,5,5,"[9.624934318708256e-05, 0.000296818237984553, 0.0032557458616793156, 0.0006116656004451215, 0.00041577930096536875, 0.9953095316886902, 1.4233530237106606e-05]"
1368,5,5,"[0.00023864766990300268, 0.0007720597786828876, 0.014383125118911266, 0.00019895785953849554, 0.05730074271559715, 0.926914632320404, 0.00019175349734723568]"
1369,5,5,"[3.5148594179190695e-05, 0.00015228139818646014, 0.0014725406654179096, 0.00042300831410102546, 0.0002217780565842986, 0.9975903034210205, 0.0001049049969878979]"
1370,5,5,"[0.0019250639015808702, 0.007725879084318876, 0.0037144566886126995, 0.01841648854315281, 0.0003087981604039669, 0.9644358158111572, 0.003473415970802307]"
1371,5,5,"[0.002278899773955345, 0.007910405285656452, 0.11244800686836243, 0.0009387427126057446, 0.42119625210762024, 0.45410504937171936, 0.001122562913224101]"
1372,5,5,"[9.531490650260821e-05, 0.0003731971373781562, 0.002161432523280382, 0.0010202559642493725, 0.00017143662262242287, 0.9961063265800476, 7.194992940640077e-05]"
1373,5,5,"[0.0006594839505851269, 0.0027977554127573967, 0.020916810259222984, 0.000594998593442142, 0.048392750322818756, 0.9240579009056091, 0.0025803251191973686]"
1374,5,5,"[0.00010358481085859239, 0.00048108198097907007, 0.0020920108072459698, 0.0014716286677867174, 0.00015102392353583127, 0.9954732060432434, 0.00022746027389075607]"
1375,0,2,"[0.10393112897872925, 0.049677930772304535, 0.6520282626152039, 0.08241680264472961, 0.009037272073328495, 0.10285019129514694, 5.842128666699864e-05]"
1376,6,6,"[0.009145456366240978, 0.13877761363983154, 0.00483930017799139, 0.014342937618494034, 0.010887288488447666, 0.07608827948570251, 0.7459191083908081]"
1377,5,5,"[5.411753954831511e-05, 0.00017018911603372544, 0.00184449995867908, 0.000513022649101913, 0.0002466307778377086, 0.9971297383308411, 4.1801962652243674e-05]"
1378,5,5,"[2.8023529011989012e-05, 0.00015077670104801655, 0.0014988339971750975, 0.0003283093683421612, 0.0002078110701404512, 0.9976953864097595, 9.084639168577269e-05]"
1379,5,4,"[0.002021591877564788, 0.0031135280150920153, 0.10640803724527359, 0.0009210786665789783, 0.7309376001358032, 0.1555185765028, 0.001079579466022551]"
1380,5,5,"[6.402273720595986e-05, 0.00040055022691376507, 0.0017573649529367685, 0.00129129143897444, 0.0001773977855918929, 0.9958928823471069, 0.0004164368147030473]"
1381,5,5,"[0.0007121248636394739, 0.0014236351707950234, 0.037864308804273605, 0.0026507731527090073, 0.0018270374275743961, 0.9555105566978455, 1.1558782716747373e-05]"
1382,4,5,"[0.0033547342754900455, 0.011967116966843605, 0.017779899761080742, 0.0009936777641996741, 0.1011580377817154, 0.8610841035842896, 0.0036624770145863295]"
1383,5,1,"[0.11714485287666321, 0.3850440979003906, 0.04178018122911453, 0.06319151818752289, 0.015473461709916592, 0.37506476044654846, 0.0023010456934571266]"
1384,5,5,"[0.00045976744149811566, 0.0024450772907584906, 0.06061336025595665, 0.0005052038468420506, 0.2162884622812271, 0.7168247103691101, 0.002863460686057806]"
1385,5,5,"[3.5176926758140326e-05, 0.0001460577332181856, 0.001716387807391584, 0.00039125600596889853, 0.00022358587011694908, 0.9974198341369629, 6.769094034098089e-05]"
1386,4,2,"[0.020448001101613045, 0.05384419113397598, 0.6583404541015625, 0.02584512159228325, 0.05715687572956085, 0.18430204689502716, 6.329736061161384e-05]"
1387,5,5,"[0.00012690213043242693, 0.00021681807993445545, 0.02922830916941166, 0.00019128783605992794, 0.06687559932470322, 0.9032188653945923, 0.00014211713278200477]"
1388,5,5,"[2.400131052127108e-05, 0.0001082608723663725, 0.0021420142147690058, 0.0002838002983480692, 0.00040387368062511086, 0.9970007538795471, 3.718959487741813e-05]"
1389,5,5,"[8.976139361038804e-05, 0.00032112744520418346, 0.0034811210352927446, 0.0005023994017392397, 0.0003986463416367769, 0.99518221616745, 2.469705395924393e-05]"
1390,5,5,"[2.6862429876928218e-05, 0.00013226401642896235, 0.0011048015439882874, 0.00029499668744392693, 0.00024035561364144087, 0.9981108903884888, 8.978034020401537e-05]"
1391,5,5,"[0.0009650959982536733, 0.0011980641866102815, 0.037156034260988235, 0.0003660926304291934, 0.3296361565589905, 0.6299702525138855, 0.0007083076634444296]"
1392,5,5,"[1.465628702135291e-05, 9.858669363893569e-05, 0.0015088325599208474, 0.00016865752695593983, 0.00035633615334518254, 0.9977487921714783, 0.00010407567606307566]"
1393,5,1,"[0.23829428851604462, 0.3440212905406952, 0.29797518253326416, 0.06780464947223663, 0.021971121430397034, 0.0290499459952116, 0.0008835327462293208]"
1394,5,5,"[0.00039591058157384396, 0.0038897849153727293, 0.013221913017332554, 0.00047190627083182335, 0.044546425342559814, 0.935086727142334, 0.002387395827099681]"
1395,5,5,"[0.00011832454765681177, 0.0006127831293269992, 0.002088782377541065, 0.0017085173167288303, 0.00011819416249636561, 0.9950888752937317, 0.0002645209024194628]"
1396,5,5,"[2.313315235369373e-05, 0.00016123712703119963, 0.001165867317467928, 0.0003485369961708784, 0.00020115468942094594, 0.9979937076568604, 0.00010634797217790037]"
1397,5,5,"[6.18292615399696e-05, 0.0001697297120699659, 0.01854526810348034, 0.00029628415359184146, 0.005109420511871576, 0.9757826328277588, 3.4898537705885246e-05]"
1398,5,2,"[0.014189198613166809, 0.02943500131368637, 0.6959757208824158, 0.015090676955878735, 0.07491247355937958, 0.17036676406860352, 3.009934152942151e-05]"
1399,5,5,"[9.031408990267664e-05, 0.0004023378132842481, 0.002410604851320386, 0.0015624257503077388, 0.0001943058450706303, 0.995103120803833, 0.000236799125559628]"
1400,5,5,"[4.5435041101882234e-05, 0.00020663916075136513, 0.0014215699629858136, 0.000561992812436074, 0.0001960480585694313, 0.9974080920219421, 0.0001601829135324806]"
1401,5,5,"[2.3306689399760216e-05, 8.841240924084559e-05, 0.001495659351348877, 0.00015293261094484478, 0.00040192806045524776, 0.9978087544441223, 2.9001714210608043e-05]"
1402,5,5,"[2.1916464902460575e-05, 0.00011196018022019416, 0.003025479381904006, 0.000319058948662132, 0.0004228981561027467, 0.9960529804229736, 4.5695265725953504e-05]"
1403,5,5,"[0.04621924087405205, 0.11753860861063004, 0.15625345706939697, 0.032445650547742844, 0.04495416209101677, 0.6018392443656921, 0.0007496490725316107]"
1404,4,5,"[0.0024135583080351353, 0.012327832169830799, 0.0589095801115036, 0.0021079815924167633, 0.3311040997505188, 0.5284778475761414, 0.06465907394886017]"
1405,2,1,"[0.15978287160396576, 0.6007400751113892, 0.05852855369448662, 0.08653271943330765, 0.030451253056526184, 0.04624021425843239, 0.01772426627576351]"
1406,4,5,"[0.0002386468113400042, 0.0021382912527769804, 0.10547039657831192, 0.00043057859875261784, 0.15773899853229523, 0.7335191965103149, 0.000463851320091635]"
1407,5,5,"[0.00027924877940677106, 0.00073232501745224, 0.007553574629127979, 0.0026263659819960594, 0.00029823044314980507, 0.9884799718856812, 3.024896614078898e-05]"
1408,2,4,"[0.002055954886600375, 0.003165309550240636, 0.041150450706481934, 0.0006453771493397653, 0.8082643747329712, 0.13128404319286346, 0.013434501364827156]"
1409,4,4,"[0.017873523756861687, 0.08286124467849731, 0.33651790022850037, 0.01756519265472889, 0.38436993956565857, 0.15273317694664001, 0.008078986778855324]"
1410,5,5,"[3.7798290577484295e-05, 0.0001583297416800633, 0.001223946106620133, 0.0005179860745556653, 0.0002101382560795173, 0.9976785778999329, 0.0001733349054120481]"
1411,5,5,"[0.0004952115705236793, 0.0008967324392870069, 0.010942777618765831, 0.0001723263703752309, 0.1816745102405548, 0.8045693039894104, 0.001249021152034402]"
1412,5,1,"[0.04885387793183327, 0.5044041872024536, 0.21925948560237885, 0.0616433322429657, 0.012132910080254078, 0.15161600708961487, 0.002090232679620385]"
1413,5,5,"[0.0021353254560381174, 0.005100317299365997, 0.08214442431926727, 0.001519715297035873, 0.06298720836639404, 0.8460826277732849, 3.0382088880287483e-05]"
1414,5,5,"[0.0006373794749379158, 0.002657839562743902, 0.11544261872768402, 0.0007400256581604481, 0.25348225235939026, 0.6268482804298401, 0.0001915780594572425]"
1415,4,5,"[0.003204908687621355, 0.023579727858304977, 0.24373461306095123, 0.005899216514080763, 0.09852421283721924, 0.6248321533203125, 0.00022512538998853415]"
1416,5,5,"[0.0008190727676264942, 0.0031846705824136734, 0.0862448439002037, 0.0008763792575336993, 0.04731123149394989, 0.8615298271179199, 3.395914245629683e-05]"
1417,0,1,"[0.09894661605358124, 0.6262165904045105, 0.105682373046875, 0.08320538699626923, 0.006407398264855146, 0.07772055268287659, 0.0018211206188425422]"
1418,5,5,"[0.0008294592262245715, 0.0018525971099734306, 0.013308597728610039, 0.00046488968655467033, 0.012298022396862507, 0.971185028553009, 6.144622602732852e-05]"
1419,1,2,"[0.15127626061439514, 0.19695937633514404, 0.5133820176124573, 0.0631103664636612, 0.04324460029602051, 0.031723037362098694, 0.00030436154338531196]"
1420,5,5,"[3.242836828576401e-05, 0.00016374426195397973, 0.0017512465128675103, 0.0004662385326810181, 0.0002281049673911184, 0.9972984194755554, 5.988799239275977e-05]"
1421,5,5,"[5.359611532185227e-05, 0.0007584919803775847, 0.0034975416492670774, 0.0004527393903117627, 0.004934872034937143, 0.9539082646369934, 0.036394570022821426]"
1422,5,5,"[3.5821391065837815e-05, 0.00016216078074648976, 0.0014901991235092282, 0.00031924882205203176, 0.00024274572206195444, 0.997688889503479, 6.103101259213872e-05]"
1423,5,1,"[0.2112106829881668, 0.28239649534225464, 0.1797349452972412, 0.14740942418575287, 0.021955663338303566, 0.1558438092470169, 0.001449000439606607]"
1424,0,0,"[0.3960033059120178, 0.2863549590110779, 0.20214959979057312, 0.06498580425977707, 0.033080436289310455, 0.015918541699647903, 0.0015073423273861408]"
1425,5,5,"[0.0003691713500302285, 0.0009450754732824862, 0.04074383154511452, 0.00045298560871742666, 0.036759521812200546, 0.9207131266593933, 1.6309835700667463e-05]"
1426,4,5,"[0.002308620372787118, 0.006773467641323805, 0.2226947844028473, 0.002292180899530649, 0.34176939725875854, 0.4239829480648041, 0.0001786014618119225]"
1427,5,5,"[0.0005666358629241586, 0.003549029119312763, 0.20481081306934357, 0.0010220531839877367, 0.2572878301143646, 0.5321874618530273, 0.000576215679757297]"
1428,5,5,"[0.03586312010884285, 0.0895424485206604, 0.044872842729091644, 0.01172883901745081, 0.1934911161661148, 0.6120757460594177, 0.012425925582647324]"
1429,5,5,"[0.05729550123214722, 0.13708624243736267, 0.22747361660003662, 0.036802880465984344, 0.036649368703365326, 0.5045751333236694, 0.00011725201329682022]"
1430,5,0,"[0.34126245975494385, 0.10504531115293503, 0.21772027015686035, 0.06252829730510712, 0.13962045311927795, 0.13345322012901306, 0.00036994702531956136]"
1431,5,5,"[0.0007406850927509367, 0.0017127838218584657, 0.06157015636563301, 0.0006683483370579779, 0.11382631957530975, 0.8214184045791626, 6.334741192404181e-05]"
1432,5,5,"[3.594615918700583e-05, 0.00015932440874166787, 0.0012514666887000203, 0.00032181930146180093, 0.00022901945339981467, 0.9979324340820312, 7.004470535321161e-05]"
1433,4,5,"[0.010222608223557472, 0.016107821837067604, 0.1586403250694275, 0.003589823143556714, 0.31795740127563477, 0.4932610094547272, 0.00022103947412688285]"
1434,2,5,"[0.00238233944401145, 0.011775809340178967, 0.4220033586025238, 0.004851359874010086, 0.07005154341459274, 0.4888966381549835, 3.903023389284499e-05]"
1435,2,1,"[0.29603180289268494, 0.48454031348228455, 0.06561309099197388, 0.12125977128744125, 0.011202682740986347, 0.013367394916713238, 0.007984903641045094]"
1436,2,2,"[0.17249087989330292, 0.2752258777618408, 0.40459638833999634, 0.08020777255296707, 0.034561365842819214, 0.03242914751172066, 0.0004885605303570628]"
1437,5,4,"[0.11592232435941696, 0.04991045221686363, 0.26693689823150635, 0.01834527775645256, 0.4593662917613983, 0.08919216692447662, 0.0003265920386184007]"
1438,5,5,"[0.0006303026457317173, 0.0010849741520360112, 0.01627217046916485, 0.0006096220458857715, 0.012448292225599289, 0.9689268469810486, 2.7859778128913604e-05]"
1439,5,5,"[5.4617365094600245e-05, 0.00021243232185952365, 0.0024313980247825384, 0.0007076301844790578, 0.00022405442723538727, 0.9963153004646301, 5.457732186187059e-05]"
1440,5,5,"[2.108203261741437e-05, 9.999221947509795e-05, 0.0013447707751765847, 0.0002698199241422117, 0.00034266329021193087, 0.997797966003418, 0.00012370078184176236]"
1441,5,1,"[0.1593734174966812, 0.4179300367832184, 0.19357962906360626, 0.08913587033748627, 0.04382292553782463, 0.09346799552440643, 0.0026901918463408947]"
1442,5,5,"[0.00033461544080637395, 0.0009693580213934183, 0.022162551060318947, 0.0003052341635338962, 0.051509756594896317, 0.924652636051178, 6.587486859643832e-05]"
1443,5,5,"[3.9246471715159714e-05, 0.00013502410729415715, 0.0025707222521305084, 0.00045102869626134634, 0.0004394205752760172, 0.9963349103927612, 2.965577004943043e-05]"
1444,4,1,"[0.08989954739809036, 0.30194878578186035, 0.18381956219673157, 0.03390879929065704, 0.24243617057800293, 0.13540594279766083, 0.012581206858158112]"
1445,5,5,"[0.0003177836479153484, 0.0008158748387359083, 0.05303965136408806, 0.0003181259671691805, 0.02658899314701557, 0.9188717603683472, 4.7915738832671195e-05]"
1446,5,2,"[0.018476348370313644, 0.036143481731414795, 0.7372668981552124, 0.01668279804289341, 0.055146653205156326, 0.13625839352607727, 2.538558874221053e-05]"
1447,5,5,"[0.00045219657476991415, 0.0014444142580032349, 0.003980068024247885, 0.006783145479857922, 0.0001732716045808047, 0.9863336682319641, 0.0008330761920660734]"
1448,5,5,"[0.0031793699599802494, 0.018562663346529007, 0.07017722725868225, 0.002037591068074107, 0.11131136864423752, 0.7938543558120728, 0.0008774528396315873]"
1449,5,5,"[0.0002490947663318366, 0.0027529438957571983, 0.023845070973038673, 0.000586817623116076, 0.05566458776593208, 0.9156417846679688, 0.0012597513850778341]"
1450,4,4,"[0.010791349224746227, 0.028285758569836617, 0.06549695134162903, 0.004405377432703972, 0.7446240186691284, 0.12426503747701645, 0.022131415084004402]"
1451,4,5,"[0.00039060538983903825, 0.0008318510954268277, 0.09158805757761002, 0.0006453227833844721, 0.10983043164014816, 0.7966773509979248, 3.635404209489934e-05]"
1452,5,5,"[2.4346543796127662e-05, 0.0001125726557802409, 0.0015384950675070286, 0.0003898401337210089, 0.0003005664038937539, 0.9975392818450928, 9.486469207331538e-05]"
1453,5,5,"[7.973996252985671e-05, 0.0004194255452603102, 0.0011639000149443746, 0.0011429042788222432, 0.0001639289257582277, 0.996575653553009, 0.0004544791881926358]"
1454,0,0,"[0.39493826031684875, 0.25536495447158813, 0.13725896179676056, 0.09121908992528915, 0.055879514664411545, 0.06410001963376999, 0.0012391874333843589]"
1455,5,5,"[2.2545744286617264e-05, 0.0001139101295848377, 0.0014774486189708114, 0.00025467269006185234, 0.00027494985261000693, 0.9977826476097107, 7.380673196166754e-05]"
1456,5,5,"[0.01728741079568863, 0.05072866380214691, 0.40845194458961487, 0.018119042739272118, 0.07618206739425659, 0.4291542172431946, 7.665274461032823e-05]"
1457,5,5,"[2.8402282623574138e-05, 0.00012675282778218389, 0.002294540870934725, 0.0003661308728624135, 0.00034328261972405016, 0.9967882633209229, 5.2586088713724166e-05]"
1458,0,1,"[0.17720264196395874, 0.45593708753585815, 0.13630017638206482, 0.06773921102285385, 0.04816703870892525, 0.11071516573429108, 0.003938706591725349]"
1459,2,2,"[0.06217135116457939, 0.042834166437387466, 0.34959596395492554, 0.01208724919706583, 0.33717626333236694, 0.19602128863334656, 0.000113732683530543]"
1460,2,2,"[0.049945853650569916, 0.19523678719997406, 0.4631272852420807, 0.045252881944179535, 0.03495429456233978, 0.21129485964775085, 0.00018796701624523848]"
1461,2,2,"[0.016247136518359184, 0.06402584910392761, 0.7253690958023071, 0.024857113137841225, 0.03154011070728302, 0.13789962232112885, 6.106268847361207e-05]"
1462,3,3,"[0.12056954205036163, 0.22993768751621246, 0.1002475842833519, 0.3411184549331665, 0.0022120880894362926, 0.12486889958381653, 0.0810457319021225]"
1463,5,5,"[8.797373448032886e-05, 0.0003924041520804167, 0.014327987097203732, 0.0004504871612880379, 0.0017040830571204424, 0.9830170273780823, 2.0007686543976888e-05]"
1464,5,5,"[0.0025373375974595547, 0.009614010341465473, 0.09606979042291641, 0.0017123846337199211, 0.09471054375171661, 0.7950909733772278, 0.00026490166783332825]"
1465,4,5,"[0.0002116461400873959, 0.0008384757675230503, 0.08595214039087296, 0.0009917148854583502, 0.012421933934092522, 0.899564802646637, 1.9322726075188257e-05]"
1466,4,2,"[0.03734538331627846, 0.04614418372511864, 0.7152183055877686, 0.021517449989914894, 0.12093593180179596, 0.0587792843580246, 5.9478130424395204e-05]"
1467,5,5,"[1.758926737238653e-05, 0.00010754888353403658, 0.0014058102387934923, 0.0001266676263185218, 0.000375308416550979, 0.9979075193405151, 5.955572851235047e-05]"
1468,5,5,"[4.2928633774863556e-05, 0.0002486961893737316, 0.0009876646799966693, 0.0005712055135518312, 0.00018056917178910226, 0.9973405003547668, 0.0006285053677856922]"
1469,5,5,"[2.7902629881282337e-05, 0.00010465356899658218, 0.0021702186204493046, 0.0001851968263508752, 0.0005906634614802897, 0.9968968629837036, 2.4513907192158513e-05]"
1470,5,5,"[0.0011459040688350797, 0.0023655807599425316, 0.025348307564854622, 0.000603618158493191, 0.02386896125972271, 0.9466267824172974, 4.0785955206956714e-05]"
1471,0,2,"[0.032165855169296265, 0.03898154944181442, 0.8079882860183716, 0.03298970311880112, 0.032076574862003326, 0.05577564984560013, 2.2312087821774185e-05]"
1472,5,5,"[9.647347178542987e-05, 0.00027805581339634955, 0.0036361883394420147, 0.0007026661769486964, 0.0004130008746869862, 0.9948587417602539, 1.4840456969977822e-05]"
1473,5,1,"[0.13728471100330353, 0.30855780839920044, 0.24205981194972992, 0.04991303011775017, 0.055638596415519714, 0.20604220032691956, 0.0005038977251388133]"
1474,5,2,"[0.006678485311567783, 0.01622789353132248, 0.41412806510925293, 0.0073290322907269, 0.1692393720149994, 0.3863404393196106, 5.672682891599834e-05]"
1475,5,5,"[0.0018256264738738537, 0.0032344884239137173, 0.01857953518629074, 0.01504887081682682, 0.0003481970343273133, 0.960780143737793, 0.0001832503330660984]"
1476,4,4,"[0.0011722525814548135, 0.0021435460075736046, 0.10580234229564667, 0.0005809616413898766, 0.5802294611930847, 0.3095106780529022, 0.0005608040955848992]"
1477,2,5,"[0.0018512782407924533, 0.01527906209230423, 0.03376682847738266, 0.00297329924069345, 0.03308546170592308, 0.9118639826774597, 0.0011801053769886494]"
1478,1,1,"[0.1078239232301712, 0.7389024496078491, 0.030089369043707848, 0.08538489788770676, 0.0017599696293473244, 0.026172256097197533, 0.009867193177342415]"
1479,5,5,"[0.001100984402000904, 0.0030808113515377045, 0.04372231662273407, 0.0007019886397756636, 0.07205550372600555, 0.8792575597763062, 8.075987716438249e-05]"
1480,5,5,"[0.0009294996852986515, 0.008289305493235588, 0.13113635778427124, 0.003443594556301832, 0.014958278276026249, 0.8412178754806519, 2.5105826352955773e-05]"
1481,5,5,"[3.262584868934937e-05, 0.0001944328105309978, 0.0014697526348754764, 0.0004645839217118919, 0.00024493204546160996, 0.9974954724311829, 9.815746307140216e-05]"
1482,5,5,"[0.0014499385142698884, 0.0023945088032633066, 0.008429037407040596, 0.008188449777662754, 0.0003186456160619855, 0.9791244864463806, 9.488207433605567e-05]"
1483,5,5,"[2.0357072571641766e-05, 0.0001096252744900994, 0.001896333764307201, 0.0002465860452502966, 0.0002970707428175956, 0.9973825812339783, 4.7438847104785964e-05]"
1484,5,5,"[4.686583997681737e-05, 0.0001644391886657104, 0.0074375094845891, 0.000442688527982682, 0.0008230801904574037, 0.9910605549812317, 2.488166865077801e-05]"
1485,5,5,"[2.7769594453275204e-05, 0.00014958209067117423, 0.0011674785055220127, 0.0002870701428037137, 0.0002218741865362972, 0.9980360865592957, 0.00011017213546438143]"
1486,5,5,"[4.4140095269540325e-05, 0.00025363158783875406, 0.0016901291674003005, 0.0005939065595157444, 0.00027256537578068674, 0.996950089931488, 0.00019566262199077755]"
1487,1,5,"[0.059055227786302567, 0.05598639324307442, 0.1393716037273407, 0.008583184331655502, 0.1902446448802948, 0.5463963747024536, 0.0003626602119766176]"
1488,5,5,"[0.0018596831941977143, 0.004013427067548037, 0.017195962369441986, 0.0005240592290647328, 0.15352794528007507, 0.8165838122367859, 0.006295109633356333]"
1489,2,2,"[0.004029102623462677, 0.009495653212070465, 0.3904499411582947, 0.002992456080392003, 0.38170894980430603, 0.2111533284187317, 0.00017056363867595792]"
1490,5,5,"[5.802376108476892e-05, 0.0004138068179599941, 0.001272851601243019, 0.0007521191728301346, 0.00015076894487719983, 0.9963927865028381, 0.0009596101008355618]"
1491,5,5,"[3.8096943171694875e-05, 0.00016361734014935791, 0.0015339032979682088, 0.0004678651748690754, 0.00020430804579518735, 0.9974933862686157, 9.874925308395177e-05]"
1492,2,4,"[0.004733232781291008, 0.008937460370361805, 0.30808374285697937, 0.00198930106125772, 0.351058691740036, 0.32495802640914917, 0.00023954416974447668]"
1493,5,5,"[1.2949446499987971e-05, 6.38843048363924e-05, 0.0012547546066343784, 0.00012162727216491476, 0.00044048321433365345, 0.9980087876319885, 9.760070679476485e-05]"
1494,5,5,"[0.0017023079562932253, 0.009928385727107525, 0.14851799607276917, 0.002012758981436491, 0.04270349442958832, 0.7950579524040222, 7.715333049418405e-05]"
1495,1,2,"[0.09759961068630219, 0.31453296542167664, 0.4417613446712494, 0.06939205527305603, 0.017513906583189964, 0.05847781524062157, 0.000722389726433903]"
1496,5,5,"[2.987279003718868e-05, 0.00014013271720614284, 0.0029830785933882, 0.00036385946441441774, 0.0002577088598627597, 0.9961863160133362, 3.9019843825371936e-05]"
1497,4,4,"[0.0023703475017100573, 0.01009806152433157, 0.08530387282371521, 0.0015355924842879176, 0.6326722502708435, 0.26003584265708923, 0.00798407755792141]"
1498,0,2,"[0.09431177377700806, 0.13558509945869446, 0.616974949836731, 0.06919415295124054, 0.04100293666124344, 0.04252519831061363, 0.00040590111166238785]"
1499,5,5,"[2.816940650518518e-05, 0.00014728246605955064, 0.002321916166692972, 0.000574641686398536, 0.0002481915580574423, 0.996580183506012, 9.960992611013353e-05]"
1500,5,2,"[0.002025704365223646, 0.0232616625726223, 0.43904611468315125, 0.005726213101297617, 0.10107096284627914, 0.428256094455719, 0.0006132457056082785]"
1501,5,5,"[0.024555616080760956, 0.14169156551361084, 0.15047146379947662, 0.03470746800303459, 0.026854533702135086, 0.6215147972106934, 0.0002046066801995039]"
1502,5,5,"[0.0002695316798053682, 0.0002556917315814644, 0.02698245272040367, 0.00028430207748897374, 0.19910773634910583, 0.7728350162506104, 0.00026524849818088114]"
1503,5,5,"[0.0005082191783003509, 0.001191657385788858, 0.0054218522273004055, 0.005489363335072994, 0.00020317165763117373, 0.9870033860206604, 0.00018241425277665257]"
1504,5,5,"[2.5373788957949728e-05, 0.00011298355821054429, 0.002084665698930621, 0.00023484931443817914, 0.0002926593297161162, 0.9972048401832581, 4.455358794075437e-05]"
1505,5,5,"[6.703065446345136e-05, 0.00024127087090164423, 0.0035182866267859936, 0.0007291776710189879, 0.00025051645934581757, 0.9951647520065308, 2.8896331059513614e-05]"
1506,5,5,"[0.004269699566066265, 0.008162409998476505, 0.08665192872285843, 0.0019914594013243914, 0.15629297494888306, 0.7420521378517151, 0.000579334213398397]"
1507,1,4,"[0.0040427315980196, 0.026353908702731133, 0.26383593678474426, 0.004953960422426462, 0.3943585753440857, 0.3019539415836334, 0.0045008608140051365]"
1508,5,5,"[0.002497653476893902, 0.0026933541521430016, 0.1581932157278061, 0.001815176336094737, 0.13445024192333221, 0.70033198595047, 1.8396598534309305e-05]"
1509,5,6,"[0.022900568321347237, 0.3716754615306854, 0.014049571938812733, 0.05304229259490967, 0.014936799183487892, 0.10543042421340942, 0.4179649353027344]"
1510,5,5,"[0.00037327370955608785, 0.002641234314069152, 0.10491332411766052, 0.0009153534192591906, 0.0957951620221138, 0.7952437400817871, 0.00011781229841290042]"
1511,5,5,"[2.9459795769071206e-05, 9.09087757463567e-05, 0.0017312973504886031, 0.00020533552742563188, 0.00042000669054687023, 0.9974926710128784, 3.026025660801679e-05]"
1512,5,5,"[4.7205263399519026e-05, 0.00023022788809612393, 0.0011498646344989538, 0.0006668714340776205, 0.00017403873789589852, 0.9975179433822632, 0.0002138588752131909]"
1513,5,5,"[2.9427303161355667e-05, 0.0002081204002024606, 0.001467040623538196, 0.0003783442953135818, 0.0002130068896804005, 0.9971016049385071, 0.000602465181145817]"
1514,5,5,"[3.7800993595737964e-05, 0.00016288243932649493, 0.0012034643441438675, 0.0002474369539413601, 0.0003115561848971993, 0.9979867935180664, 5.0104790716432035e-05]"
1515,5,5,"[2.014620440604631e-05, 6.230516009964049e-05, 0.0011177764972671866, 0.0001231999631272629, 0.0006527118384838104, 0.9979494214057922, 7.4399882578291e-05]"
1516,4,5,"[0.03709789738059044, 0.26584959030151367, 0.13612355291843414, 0.048314087092876434, 0.06586313992738724, 0.4431874752044678, 0.0035643659066408873]"
1517,5,5,"[1.692264777375385e-05, 7.487993570975959e-05, 0.0008024222333915532, 0.00012938413419760764, 0.0004144289705436677, 0.9983844757080078, 0.0001774751435732469]"
1518,5,5,"[0.00017058607772924006, 0.0009192845900543034, 0.0048845075070858, 0.002264005597680807, 0.00013820372987538576, 0.9915452599525452, 7.81587150413543e-05]"
1519,5,5,"[0.006987442262470722, 0.031028028577566147, 0.09192238748073578, 0.0036926695611327887, 0.06584231555461884, 0.8001499176025391, 0.0003772037453018129]"
1520,2,5,"[0.0009949494851753116, 0.003015239955857396, 0.09179562330245972, 0.0011365985265001655, 0.12773220241069794, 0.7752663493156433, 5.901593976886943e-05]"
1521,5,5,"[5.418316141003743e-05, 0.0006498454604297876, 0.0016030578408390284, 0.0007608020678162575, 0.0003728954179678112, 0.9924627542495728, 0.00409639673307538]"
1522,5,5,"[7.03036057529971e-05, 0.0003153178549837321, 0.0015064658364281058, 0.0009748009615577757, 0.00016119505744427443, 0.9967973828315735, 0.00017451928579248488]"
1523,4,5,"[0.0012370897457003593, 0.004996111616492271, 0.18318279087543488, 0.0019768900237977505, 0.04895302653312683, 0.7596385478973389, 1.5425252058776096e-05]"
1524,5,5,"[0.002984791062772274, 0.034945059567689896, 0.2716725170612335, 0.006924657616764307, 0.18684430420398712, 0.4934585690498352, 0.003170024836435914]"
1525,5,5,"[0.0010100816143676639, 0.008940855972468853, 0.018184158951044083, 0.008233883418142796, 0.009829279035329819, 0.9194570779800415, 0.03434472531080246]"
1526,5,5,"[1.4737014680576976e-05, 6.326085713226348e-05, 0.0010874978033825755, 0.00012983367196284235, 0.0004369024536572397, 0.9981797933578491, 8.798930502962321e-05]"
1527,2,5,"[0.0007707814802415669, 0.0007700324058532715, 0.011381876654922962, 0.00023644995235372335, 0.41680920124053955, 0.549953043460846, 0.020078541710972786]"
1528,5,5,"[2.714345646381844e-05, 0.00012750638416036963, 0.002079314785078168, 0.0003126092778984457, 0.0003330267209094018, 0.9970794916152954, 4.093441748409532e-05]"
1529,5,1,"[0.07410332560539246, 0.5886319279670715, 0.027309073135256767, 0.05394992604851723, 0.022275377064943314, 0.18565838038921356, 0.04807198792695999]"
1530,5,5,"[2.7812464395537972e-05, 0.00016640407557133585, 0.001790440990589559, 0.0004970457521267235, 0.00020985172886867076, 0.9971185922622681, 0.00018982368055731058]"
1531,4,0,"[0.25532397627830505, 0.17449037730693817, 0.21808744966983795, 0.050832077860832214, 0.24512137472629547, 0.05527358129620552, 0.0008711650152690709]"
1532,6,6,"[0.005478816572576761, 0.051065389066934586, 0.0013566229026764631, 0.011052077636122704, 0.0013268179027363658, 0.023913070559501648, 0.9058071970939636]"
1533,5,5,"[0.0005038816016167402, 0.0020970813930034637, 0.006517159752547741, 0.007002846337854862, 0.00013239315012469888, 0.9834908843040466, 0.00025577019550837576]"
1534,5,5,"[1.470938696002122e-05, 9.177538595395163e-05, 0.002000129548832774, 0.0001806130021577701, 0.0012621097266674042, 0.9961744546890259, 0.00027618545573204756]"
1535,2,5,"[0.006012062542140484, 0.012275699526071548, 0.18286052346229553, 0.006664307788014412, 0.02559729479253292, 0.7665613293647766, 2.8710732294712216e-05]"
1536,5,5,"[4.630442344932817e-05, 0.0002191200474044308, 0.004955789539963007, 0.00011957799870288, 0.002317895647138357, 0.9922388792037964, 0.00010245210432913154]"
1537,4,4,"[0.0017633030656725168, 0.003890735562890768, 0.25219836831092834, 0.0013451236300170422, 0.5018064975738525, 0.238638773560524, 0.0003572071436792612]"
1538,5,5,"[1.6369313016184606e-05, 5.802517625852488e-05, 0.0022395290434360504, 6.78705982863903e-05, 0.004670883063226938, 0.992766261100769, 0.00018116335559170693]"
1539,6,4,"[0.05103379115462303, 0.11602019518613815, 0.16625186800956726, 0.024659108370542526, 0.5378053188323975, 0.07177383452653885, 0.03245588392019272]"
1540,5,5,"[3.567280145944096e-05, 0.00016154251352418214, 0.0033678244799375534, 0.0002808916615322232, 0.00040290862671099603, 0.9957255125045776, 2.569974458310753e-05]"
1541,5,5,"[9.510899690212682e-05, 0.0004448744293767959, 0.00253642862662673, 0.0009374267538078129, 0.00014576352259609848, 0.9957846999168396, 5.559395140153356e-05]"
1542,5,5,"[0.0007423393544740975, 0.0015183142386376858, 0.09610702097415924, 0.0005946410237811506, 0.40702053904533386, 0.4937480688095093, 0.00026900574448518455]"
1543,5,5,"[0.03768850862979889, 0.06542989611625671, 0.10635612905025482, 0.018927011638879776, 0.02305462956428528, 0.7484456896781921, 9.80669428827241e-05]"
1544,4,2,"[0.027819059789180756, 0.040119871497154236, 0.3953573703765869, 0.01553486380726099, 0.1908518373966217, 0.33009326457977295, 0.0002237936423625797]"
1545,5,5,"[0.010510038584470749, 0.0637049600481987, 0.37385836243629456, 0.024730270728468895, 0.14977923035621643, 0.3769499361515045, 0.00046726365690119565]"
1546,5,4,"[0.0037316104862838984, 0.008972547948360443, 0.34354251623153687, 0.0032285251654684544, 0.3976850211620331, 0.24257373809814453, 0.00026607379550114274]"
1547,4,2,"[0.012473014183342457, 0.0260353721678257, 0.5221810936927795, 0.013954891823232174, 0.12924408912658691, 0.29607149958610535, 4.005148002761416e-05]"
1548,5,5,"[0.001045993180014193, 0.004462812561541796, 0.012273894622921944, 0.008833828382194042, 0.00014275526336859912, 0.9730460047721863, 0.0001947158161783591]"
1549,5,5,"[0.0003655765322037041, 0.000533113838173449, 0.02352253720164299, 0.00015295569028239697, 0.1712692230939865, 0.8038842678070068, 0.00027236551977694035]"
1550,5,5,"[0.0001520525402156636, 0.0005650676321238279, 0.002010648138821125, 0.0024112071841955185, 0.00016058600158430636, 0.9941891431808472, 0.0005113092483952641]"
1551,5,5,"[0.0033341229427605867, 0.004125183913856745, 0.06804916262626648, 0.0009105917997658253, 0.2419539839029312, 0.6813172101974487, 0.0003096825093962252]"
1552,1,2,"[0.11145303398370743, 0.11533129215240479, 0.38252392411231995, 0.04169769212603569, 0.12059764564037323, 0.2282949984073639, 0.00010141873644897714]"
1553,5,5,"[0.00017445888079237193, 0.0008069496834650636, 0.0014787849504500628, 0.002599676139652729, 0.00017993927758652717, 0.993571400642395, 0.001188724534586072]"
1554,5,2,"[0.1810363084077835, 0.28949686884880066, 0.30178946256637573, 0.07480546832084656, 0.03503365442156792, 0.11762160062789917, 0.0002166980120819062]"
1555,5,5,"[3.106132862740196e-05, 0.00012432057701516896, 0.001520965714007616, 0.00016156637866515666, 0.0004202561394777149, 0.9976987242698669, 4.323263783589937e-05]"
1556,5,5,"[0.005241441074758768, 0.012049900367856026, 0.03606893867254257, 0.0015858883270993829, 0.022672608494758606, 0.9221739768981934, 0.00020721660985145718]"
1557,5,5,"[3.662566450657323e-05, 0.00012314168270677328, 0.0017865116242319345, 0.0003140319313388318, 0.00033042789436876774, 0.997370719909668, 3.853991802316159e-05]"
1558,2,2,"[0.010102840140461922, 0.02984672598540783, 0.6719905734062195, 0.0178972277790308, 0.04091028869152069, 0.22922974824905396, 2.267940726596862e-05]"
1559,5,5,"[0.00019933034491259605, 0.000745886645745486, 0.04180780053138733, 0.000772676954511553, 0.006358989514410496, 0.950106680393219, 8.580915164202452e-06]"
1560,0,5,"[0.002928229747340083, 0.002450353931635618, 0.05332864075899124, 0.0020085268188267946, 0.04054668918251991, 0.8987101316452026, 2.737914473982528e-05]"
1561,1,2,"[0.13114847242832184, 0.1253097951412201, 0.3606841564178467, 0.03846605867147446, 0.18736180663108826, 0.15685908496379852, 0.00017062194820027798]"
1562,5,5,"[2.457519804011099e-05, 0.00012826111924368888, 0.0025505616795271635, 0.0002397298376308754, 0.0004175099020358175, 0.9965674877166748, 7.182956323958933e-05]"
1563,4,5,"[0.01448542159050703, 0.1172226071357727, 0.22254104912281036, 0.026402657851576805, 0.2198002189397812, 0.34841781854629517, 0.05113021284341812]"
1564,5,5,"[0.00012777351366821676, 0.00035154965007677674, 0.0027233886066824198, 0.001379692112095654, 0.00020677121938206255, 0.9951505661010742, 6.0233571275603026e-05]"
1565,5,5,"[0.000876176287420094, 0.001854300033301115, 0.04651010408997536, 0.00038471914012916386, 0.13761936128139496, 0.8125244975090027, 0.0002308507391717285]"
1566,5,5,"[5.348104241420515e-05, 0.0002628372749313712, 0.004554072394967079, 0.001002528122626245, 0.0008075889782048762, 0.9931269884109497, 0.00019247274030931294]"
1567,5,5,"[3.084911804762669e-05, 0.00012039911234751344, 0.001344330725260079, 0.0003231118607800454, 0.00029212445951998234, 0.9978316426277161, 5.758803672506474e-05]"
1568,5,5,"[0.00019824865739792585, 0.0006104491767473519, 0.004363160114735365, 0.0021938602440059185, 0.00019162507669534534, 0.9923950433731079, 4.768306462210603e-05]"
1569,5,5,"[5.281391349853948e-05, 0.0001893764710985124, 0.001099619548767805, 0.0006802232819609344, 0.00021863615256734192, 0.9975595474243164, 0.00019988257554359734]"
1570,5,5,"[4.465406891540624e-05, 0.00015162464114837348, 0.0031763813458383083, 0.00039955961983650923, 0.0003337700618430972, 0.9958706498146057, 2.3368482288788073e-05]"
1571,5,5,"[2.5205228666891344e-05, 0.00014964690490160137, 0.001833248301409185, 0.0005172741948626935, 0.00024975891574285924, 0.9970716238021851, 0.00015319026715587825]"
1572,5,5,"[4.026821261504665e-05, 0.00018671098223421723, 0.0022970992140471935, 0.0004502428637351841, 0.00026949687162414193, 0.9966860413551331, 7.022533100098372e-05]"
1573,5,5,"[0.0015546928625553846, 0.002663104794919491, 0.045537885278463364, 0.0005612930399365723, 0.2337336540222168, 0.7156329154968262, 0.000316473888233304]"
1574,4,4,"[0.003627143334597349, 0.023665055632591248, 0.19170211255550385, 0.0036251479759812355, 0.43389660120010376, 0.3342345654964447, 0.009249421767890453]"
1575,5,5,"[0.0007397919544018805, 0.002145790494978428, 0.057791683822870255, 0.0004195552319288254, 0.13248370587825775, 0.8062846660614014, 0.00013486226089298725]"
1576,5,5,"[2.9476303097908385e-05, 0.00013747021148446947, 0.0008550112252123654, 0.00018184995860792696, 0.00028917912277393043, 0.9984323382377625, 7.459243352059275e-05]"
1577,5,5,"[0.00020458399376366287, 0.0006262410897761583, 0.0050640529952943325, 0.002670410554856062, 0.0002109495981130749, 0.99114990234375, 7.390783139271662e-05]"
1578,2,5,"[0.021099217236042023, 0.01864014007151127, 0.30275461077690125, 0.017629394307732582, 0.043769720941782, 0.596093475818634, 1.3479634617397096e-05]"
1579,4,5,"[0.0007236163364723325, 0.002485027303919196, 0.12056850641965866, 0.0006957947625778615, 0.2514454126358032, 0.6239495277404785, 0.00013209476310294122]"
1580,5,5,"[2.0564673832268454e-05, 0.0001465947279939428, 0.0031746933236718178, 0.00037613522727042437, 0.00026421196525916457, 0.9959713816642761, 4.639817780116573e-05]"
1581,2,2,"[0.20936541259288788, 0.08669501543045044, 0.5152602791786194, 0.035079069435596466, 0.12297143787145615, 0.030444419011473656, 0.00018434060621075332]"
1582,5,5,"[0.00020651656086556613, 0.0009270258015021682, 0.02792101353406906, 0.00029735974385403097, 0.14950570464134216, 0.8178564310073853, 0.0032859917264431715]"
1583,5,5,"[0.0001617904199520126, 0.0010325077455490828, 0.013960899785161018, 0.00022115181491244584, 0.07065637409687042, 0.9133378267288208, 0.0006294138147495687]"
1584,4,5,"[0.001767595880664885, 0.0056557320058345795, 0.04276568815112114, 0.0018049707869067788, 0.08930885046720505, 0.8585962057113647, 0.00010093144373968244]"
1585,4,5,"[0.015286627225577831, 0.009531600400805473, 0.025808483362197876, 0.0020406481344252825, 0.13995610177516937, 0.8066965341567993, 0.0006800477858632803]"
1586,5,5,"[0.00030819111270830035, 0.010643083602190018, 0.052761465311050415, 0.006136997137218714, 0.022158103063702583, 0.9063689708709717, 0.0016230923356488347]"
1587,4,5,"[0.0008072866476140916, 0.002202771371230483, 0.16105057299137115, 0.0009176931343972683, 0.24493145942687988, 0.5899854302406311, 0.00010478439799044281]"
1588,2,5,"[0.001543325954116881, 0.004366811830550432, 0.28301164507865906, 0.0032838769257068634, 0.3024180829524994, 0.40486443042755127, 0.0005118090193718672]"
1589,4,4,"[0.0005814146134071052, 0.0010759804863482714, 0.05513841658830643, 0.00048186766798608005, 0.6786696314811707, 0.2602376639842987, 0.003815038362517953]"
1590,5,5,"[0.035237714648246765, 0.04553843289613724, 0.06515371054410934, 0.005219214595854282, 0.05635584518313408, 0.7920781373977661, 0.0004168537852820009]"
1591,5,5,"[1.0547968486207537e-05, 5.848512228112668e-05, 0.0012751827016472816, 0.00011283283674856648, 0.0003912601969204843, 0.9980757236480713, 7.596579962410033e-05]"
1592,5,5,"[2.044687425950542e-05, 9.50339890550822e-05, 0.0018211444839835167, 0.00025579624343663454, 0.0003692594764288515, 0.9973925352096558, 4.5794437028234825e-05]"
1593,4,5,"[0.00022470280237030238, 0.0010789314983412623, 0.01925642602145672, 0.0006353725912049413, 0.1652647852897644, 0.7114594578742981, 0.10208041965961456]"
1594,5,5,"[3.60236554115545e-05, 0.00013991845480632037, 0.0021441951394081116, 0.00033149271621368825, 0.0002671749680303037, 0.9970517158508301, 2.9501217795768753e-05]"
1595,5,2,"[0.22121897339820862, 0.15591226518154144, 0.4855145514011383, 0.05895134434103966, 0.046794094145298004, 0.03122769482433796, 0.0003810398338828236]"
1596,5,1,"[0.1161092147231102, 0.5721067190170288, 0.09063397347927094, 0.043675392866134644, 0.01616808772087097, 0.15389099717140198, 0.007415588479489088]"
1597,4,5,"[0.0004165512218605727, 0.003804332809522748, 0.047773394733667374, 0.0006186544778756797, 0.17470915615558624, 0.7696853280067444, 0.002992594614624977]"
1598,1,2,"[0.14908550679683685, 0.1426156759262085, 0.4744548201560974, 0.049288276582956314, 0.10311823338270187, 0.08131811022758484, 0.0001194787400891073]"
1599,2,5,"[0.0020588040351867676, 0.003274346701800823, 0.2025505155324936, 0.0019233577186241746, 0.1077732965350151, 0.6824057698249817, 1.389321460010251e-05]"
1600,5,1,"[0.031239308416843414, 0.3115725815296173, 0.17070826888084412, 0.06749297678470612, 0.13512974977493286, 0.2539578378200531, 0.02989927865564823]"
1601,5,5,"[7.651616760995239e-05, 0.00024965766351670027, 0.0030743186362087727, 0.0007592335459776223, 0.00027862138813361526, 0.9955332279205322, 2.847075847967062e-05]"
1602,5,4,"[0.00045666081132367253, 0.0015622564824298024, 0.03742299601435661, 0.00040672667091712356, 0.6387433409690857, 0.3167780637741089, 0.004629980772733688]"
1603,5,5,"[3.3212487323908135e-05, 7.449784607160836e-05, 0.002729991218075156, 6.494676199508831e-05, 0.005153731908649206, 0.9918332099914551, 0.0001104028633562848]"
1604,5,5,"[0.00028825554181821644, 0.0018365937285125256, 0.014153150841593742, 0.0005566573818214238, 0.02404351904988289, 0.9586675763130188, 0.00045419513480737805]"
1605,5,5,"[2.0714132915600203e-05, 9.686226985650137e-05, 0.0012904898030683398, 0.00019688816973939538, 0.0002868766023311764, 0.9980396628379822, 6.854932144051418e-05]"
1606,5,5,"[0.0007991812308318913, 0.0006345674628391862, 0.031059131026268005, 0.0003432682133279741, 0.14256803691387177, 0.8245512247085571, 4.459247429622337e-05]"
1607,1,5,"[0.00736171193420887, 0.02533610351383686, 0.38478198647499084, 0.0121080931276083, 0.05776868015527725, 0.5126087665557861, 3.46718734363094e-05]"
1608,5,5,"[4.84783377032727e-05, 0.00022081426868680865, 0.001630735700018704, 0.0006374521763063967, 0.00020610734645742923, 0.9971597194671631, 9.665133984526619e-05]"
1609,2,5,"[0.00017126541933976114, 0.0013353002723306417, 0.09125974774360657, 0.0004146880528423935, 0.09951068460941315, 0.8071841597557068, 0.00012417332618497312]"
1610,2,2,"[0.025501886382699013, 0.1002325788140297, 0.4144081771373749, 0.025257062166929245, 0.2691003978252411, 0.16299594938755035, 0.002503832569345832]"
1611,5,5,"[0.0010270068887621164, 0.0015276528429239988, 0.06310449540615082, 0.0005502395797520876, 0.12814004719257355, 0.8056148290634155, 3.579335680115037e-05]"
1612,5,5,"[0.00914745219051838, 0.02343033067882061, 0.030710920691490173, 0.0015807518502697349, 0.11298609524965286, 0.8164970874786377, 0.005647404119372368]"
1613,5,5,"[4.594013807945885e-05, 0.0002428002335363999, 0.002872044686228037, 0.00021884376474190503, 0.0007484739180654287, 0.9958194494247437, 5.235911885392852e-05]"
1614,5,5,"[2.5670902687124908e-05, 0.00014667425421066582, 0.001259879907593131, 0.0002647137735038996, 0.0003016349801328033, 0.9978887438774109, 0.00011271491530351341]"
1615,4,1,"[0.316109836101532, 0.33178338408470154, 0.10480021685361862, 0.19691124558448792, 0.005641196388751268, 0.026576293632388115, 0.018177898600697517]"
1616,5,1,"[0.03831247612833977, 0.35031643509864807, 0.13686303794384003, 0.07211927324533463, 0.05642664432525635, 0.3432246446609497, 0.0027374422643333673]"
1617,5,5,"[0.0016185049898922443, 0.020580703392624855, 0.18271686136722565, 0.007744070142507553, 0.05505829304456711, 0.7319031953811646, 0.00037833440001122653]"
1618,5,5,"[0.00011223104229429737, 0.0004534334584604949, 0.001555809867568314, 0.0015542979817837477, 0.00016256289381999522, 0.9957031607627869, 0.00045851466711610556]"
1619,5,5,"[0.0003681257367134094, 0.0004586867871694267, 0.006838635075837374, 0.0022540565114468336, 0.0007080576033331454, 0.9893440008163452, 2.8467735319281928e-05]"
1620,5,5,"[0.0006758946110494435, 0.0013783061876893044, 0.07975109666585922, 0.000659660086967051, 0.23636586964130402, 0.6810717582702637, 9.749399032443762e-05]"
1621,5,5,"[3.509884118102491e-05, 0.000204395066248253, 0.002815413987264037, 0.0005526210879907012, 0.0005291620618663728, 0.9955884218215942, 0.00027489097556099296]"
1622,5,5,"[1.5678700947319157e-05, 5.299071563058533e-05, 0.001192237134091556, 0.00010311946243746206, 0.0006619634223170578, 0.9979177117347717, 5.628279541269876e-05]"
1623,5,5,"[0.0010477149626240134, 0.0029147369787096977, 0.1327459067106247, 0.0010148643050342798, 0.41945114731788635, 0.44251176714897156, 0.00031383943860419095]"
1624,1,1,"[0.30396196246147156, 0.40671274065971375, 0.12304984033107758, 0.13893067836761475, 0.0021333626937121153, 0.021341517567634583, 0.0038699619472026825]"
1625,5,4,"[0.0013596115168184042, 0.0014170353533700109, 0.057815566658973694, 0.0004684458835981786, 0.7699103355407715, 0.16783283650875092, 0.0011961866402998567]"
1626,4,4,"[0.001113845151849091, 0.0014827668201178312, 0.030553897842764854, 0.00033480298588983715, 0.6847848296165466, 0.2782348692417145, 0.003494977718219161]"
1627,5,5,"[2.0980458430130966e-05, 0.0001281475997529924, 0.0012832555221393704, 0.00042000674875453115, 0.000239454151596874, 0.9977158308029175, 0.0001923780218930915]"
1628,5,5,"[0.0010362750617787242, 0.0055166613310575485, 0.035673193633556366, 0.0005513563519343734, 0.22753338515758514, 0.7267965078353882, 0.002892623655498028]"
1629,2,5,"[0.017182404175400734, 0.018264684826135635, 0.3135148584842682, 0.014460906386375427, 0.06282389909029007, 0.5737251043319702, 2.821670386765618e-05]"
1630,0,0,"[0.3905380666255951, 0.34959137439727783, 0.1404525339603424, 0.09002932161092758, 0.010224854573607445, 0.018584953621029854, 0.000578887527808547]"
1631,5,5,"[0.00012443098239600658, 0.00047083484241738915, 0.0016880141338333488, 0.0017612220253795385, 0.00015743522089906037, 0.9954223036766052, 0.0003757398808375001]"
1632,5,5,"[5.158461135579273e-05, 0.00020911901083309203, 0.0018414639635011554, 0.00035581941483542323, 0.00023495026107411832, 0.9972643852233887, 4.273965896572918e-05]"
1633,5,5,"[0.0010388168739154935, 0.001976928673684597, 0.014576778747141361, 0.0071093118749558926, 0.0003030713996849954, 0.9749581217765808, 3.691711026476696e-05]"
1634,5,5,"[2.321113061043434e-05, 0.00011008654109900817, 0.0011491860495880246, 0.0001407004165230319, 0.0004076214390806854, 0.9980608820915222, 0.00010828702943399549]"
1635,5,5,"[0.008376282639801502, 0.031441301107406616, 0.31235742568969727, 0.003962229937314987, 0.2532934844493866, 0.38987523317337036, 0.000694058311637491]"
1636,6,1,"[0.06483922898769379, 0.5195126533508301, 0.06923257559537888, 0.09071216732263565, 0.05823738873004913, 0.097772516310215, 0.09969346970319748]"
1637,4,4,"[0.0005508915637619793, 0.001221569487825036, 0.015141990035772324, 0.00020259202574379742, 0.5170199871063232, 0.4551157057285309, 0.010747254826128483]"
1638,1,1,"[0.1514318734407425, 0.6212432384490967, 0.01794571243226528, 0.11040689796209335, 0.0019780241418629885, 0.08226211369037628, 0.014732211828231812]"
1639,5,5,"[2.9996474040672183e-05, 0.0001632340281503275, 0.0013797100400552154, 0.0003751549811568111, 0.00020884622063022107, 0.9977745413780212, 6.860383291495964e-05]"
1640,5,5,"[9.805535955820233e-05, 0.0005042139091528952, 0.002490936778485775, 0.0017216327833011746, 0.000142757358844392, 0.9948238134384155, 0.00021863100118935108]"
1641,2,2,"[0.032767072319984436, 0.10651355236768723, 0.4342120587825775, 0.034168899059295654, 0.06926083564758301, 0.32293152809143066, 0.00014606003242079169]"
1642,5,5,"[0.0009776103543117642, 0.002459724899381399, 0.01647104322910309, 0.00031788277556188405, 0.13118144869804382, 0.844755232334137, 0.0038370066322386265]"
1643,5,5,"[1.1022332728316542e-05, 5.718510510632768e-05, 0.0012886162148788571, 0.00012902787420898676, 0.0005304277292452753, 0.9978787899017334, 0.0001048636986524798]"
1644,5,5,"[8.228624210460111e-05, 0.00019540140056051314, 0.005255046766251326, 0.00036126928171142936, 0.0008997941622510552, 0.993198037147522, 8.32255227578571e-06]"
1645,0,5,"[0.02499374747276306, 0.24786289036273956, 0.3101772964000702, 0.036894701421260834, 0.061669569462537766, 0.3107365667819977, 0.007665253710001707]"
1646,5,5,"[2.04861589736538e-05, 7.764039764879271e-05, 0.0024403820279985666, 0.00018564757192507386, 0.00048654814600013196, 0.9967561364173889, 3.322166594443843e-05]"
1647,5,5,"[6.183479126775637e-05, 0.00039638852467760444, 0.0015240631764754653, 0.0007084034732542932, 0.00012623477960005403, 0.9970664381980896, 0.00011667351645883173]"
1648,4,5,"[0.004927316214889288, 0.0454585999250412, 0.1676725149154663, 0.007389935199171305, 0.19099797308444977, 0.5761564373970032, 0.007397166453301907]"
1649,5,5,"[4.065634129801765e-05, 0.0004423059872351587, 0.0010346887866035104, 0.0007744812755845487, 0.00028370210202410817, 0.9946012496948242, 0.0028230599127709866]"
1650,5,5,"[0.0005380905349738896, 0.0010380545863881707, 0.03220907226204872, 0.00021338299848139286, 0.48207756876945496, 0.4829661548137665, 0.0009576760930940509]"
1651,4,5,"[0.0005201594321988523, 0.0008263569907285273, 0.019223159179091454, 0.00020456462516449392, 0.2573168873786926, 0.7211571335792542, 0.0007517464109696448]"
1652,5,5,"[0.05616985633969307, 0.19971568882465363, 0.18779994547367096, 0.0249672569334507, 0.1839560568332672, 0.3440932035446167, 0.0032979401294142008]"
1653,5,5,"[0.01071688812226057, 0.04537743702530861, 0.35866257548332214, 0.011137252673506737, 0.06500773131847382, 0.5090147852897644, 8.331635763170198e-05]"
1654,5,5,"[0.00013128174759913236, 0.0003795732045546174, 0.006123320199549198, 0.001125094247981906, 0.00031900929752737284, 0.9919074773788452, 1.427033384970855e-05]"
1655,5,5,"[0.0003769800823647529, 0.000675946706905961, 0.07174685597419739, 0.0003699568333104253, 0.15210890769958496, 0.7746601700782776, 6.116178701631725e-05]"
1656,5,5,"[0.0010883110808208585, 0.0014644943876191974, 0.035803668200969696, 0.00333215668797493, 0.002980110002681613, 0.955323338508606, 7.975810149218887e-06]"
1657,5,5,"[4.5895721996203065e-05, 0.00021744279365520924, 0.002087224740535021, 0.000699929369147867, 0.0002362546365475282, 0.9966486096382141, 6.468471110565588e-05]"
1658,5,5,"[3.4739448892651126e-05, 0.0001966362033272162, 0.0027568091172724962, 0.00039013641071505845, 0.00023490322928410023, 0.996350884437561, 3.573976209736429e-05]"
1659,5,4,"[0.002438037656247616, 0.007148385513573885, 0.06695253401994705, 0.0009862970327958465, 0.5427402853965759, 0.37813183665275574, 0.0016026695957407355]"
1660,5,5,"[6.524400669150054e-05, 0.0002838752989191562, 0.001888147322461009, 0.0008581808651797473, 0.00015506574709434062, 0.9966519474983215, 9.759665408637375e-05]"
1661,5,5,"[0.002092968439683318, 0.003412416437640786, 0.0705505758523941, 0.0008485382422804832, 0.08357654511928558, 0.8394836187362671, 3.5384975490160286e-05]"
1662,4,2,"[0.07972202450037003, 0.133746936917305, 0.5510273575782776, 0.04512014240026474, 0.07905036956071854, 0.11117579787969589, 0.00015732886095065624]"
1663,4,1,"[0.13537904620170593, 0.5811678171157837, 0.06070026010274887, 0.10746528953313828, 0.023388631641864777, 0.08269090950489044, 0.00920803751796484]"
1664,5,5,"[2.675202995305881e-05, 9.103780757868662e-05, 0.001641837414354086, 0.00023436757328454405, 0.0003492942778393626, 0.9976213574409485, 3.529352034092881e-05]"
1665,5,4,"[0.0015673339366912842, 0.004127959720790386, 0.09217403829097748, 0.0007765631889924407, 0.7110860347747803, 0.18722055852413177, 0.0030475191306322813]"
1666,2,2,"[0.04905468970537186, 0.06486134976148605, 0.7465260028839111, 0.03018844872713089, 0.05151171609759331, 0.05780448392033577, 5.326887912815437e-05]"
1667,5,2,"[0.08999617397785187, 0.3486967384815216, 0.4030037224292755, 0.09414064884185791, 0.011891201138496399, 0.051618169993162155, 0.0006533122505061328]"
1668,5,5,"[0.003467569127678871, 0.03758765757083893, 0.11717288196086884, 0.013576043769717216, 0.004876027349382639, 0.8232665657997131, 5.3268006013240665e-05]"
1669,2,5,"[1.1873472431034315e-05, 5.405485717346892e-05, 0.0023923141416162252, 0.0001171598196378909, 0.0011316637974232435, 0.9962114095687866, 8.149020140990615e-05]"
1670,5,5,"[2.6175806851824746e-05, 0.00016205821884796023, 0.0011659355368465185, 9.03829131857492e-05, 0.0009779188549146056, 0.9972623586654663, 0.00031520394259132445]"
1671,4,5,"[0.00013584591215476394, 0.0003995370934717357, 0.05617595836520195, 0.0003413309750612825, 0.074390709400177, 0.868431031703949, 0.0001256440009456128]"
1672,5,5,"[0.06901481002569199, 0.05192308500409126, 0.1578655242919922, 0.011114519089460373, 0.3276219666004181, 0.3821064829826355, 0.00035368045791983604]"
1673,5,5,"[0.0004217409295961261, 0.0012130072573199868, 0.004579275846481323, 0.005461161956191063, 0.0001656996173551306, 0.9878594279289246, 0.00029973324853926897]"
1674,5,5,"[2.3133157810661942e-05, 0.00011701336916303262, 0.002883478533476591, 0.0002724716323427856, 0.00032343881321139634, 0.9963420033454895, 3.848163032671437e-05]"
1675,4,4,"[0.0015536488499492407, 0.00152209319639951, 0.07660362124443054, 0.000654597592074424, 0.7231256365776062, 0.19600018858909607, 0.0005402534734457731]"
1676,5,5,"[1.4269525308918674e-05, 0.00010859404574148357, 0.0013096514157950878, 0.00020846945699304342, 0.00035201606806367636, 0.9977608919143677, 0.0002460834803059697]"
1677,5,5,"[0.0007058982737362385, 0.0022313168738037348, 0.028417542576789856, 0.0004886069218628109, 0.05607098713517189, 0.9119970202445984, 8.864432311384007e-05]"
1678,5,5,"[6.148972897790372e-05, 0.00023538825917057693, 0.0015420210547745228, 0.001042491989210248, 0.0002226117649115622, 0.9966453909873962, 0.0002506765886209905]"
1679,1,0,"[0.4279918074607849, 0.25671809911727905, 0.17514848709106445, 0.09257995337247849, 0.02456558495759964, 0.018548334017395973, 0.004447716288268566]"
1680,5,5,"[4.110311419935897e-05, 0.0002179736184189096, 0.0029459153302013874, 0.0005189336952753365, 0.0005314663285389543, 0.9955691695213318, 0.00017534176004119217]"
1681,5,5,"[3.8046793633839116e-05, 0.0001839000906329602, 0.0013021145714446902, 0.0005066063022240996, 0.00019645635620690882, 0.9976892471313477, 8.36685867398046e-05]"
1682,5,5,"[0.0001523555547464639, 0.0006108781090006232, 0.0017947157612070441, 0.002142601413652301, 0.00015110390086192638, 0.9944400787353516, 0.0007083300151862204]"
1683,4,5,"[0.000532712263520807, 0.0009479070431552827, 0.11243143677711487, 0.0004523216048255563, 0.19462724030017853, 0.6909642815589905, 4.4126798457000405e-05]"
1684,5,5,"[0.0028346225153654814, 0.028528301045298576, 0.2536015212535858, 0.023224476724863052, 0.004552745260298252, 0.6859467029571533, 0.0013115402543917298]"
1685,4,2,"[0.02431478537619114, 0.034460220485925674, 0.4735935926437378, 0.014253654517233372, 0.20351414382457733, 0.24981394410133362, 4.960421210853383e-05]"
1686,5,5,"[0.009919996373355389, 0.02506348304450512, 0.15272566676139832, 0.004500662442296743, 0.06022804602980614, 0.7473809123039246, 0.00018126514623872936]"
1687,2,2,"[0.010657485574483871, 0.009860373102128506, 0.4039413034915924, 0.004437573719769716, 0.24375633895397186, 0.3273221552371979, 2.4740496883168817e-05]"
1688,5,5,"[0.01931946352124214, 0.020040307193994522, 0.31846868991851807, 0.006820109207183123, 0.2690388858318329, 0.366260826587677, 5.1649276429088786e-05]"
1689,5,5,"[2.315298479516059e-05, 6.945904897293076e-05, 0.0016139436047524214, 0.00017917511286213994, 0.0005430905148386955, 0.9975413084030151, 2.985573883051984e-05]"
1690,5,5,"[5.53681529709138e-05, 0.00036486831959336996, 0.008756070397794247, 0.00082249945262447, 0.0006670408765785396, 0.9892662763595581, 6.797706737415865e-05]"
1691,5,5,"[0.0018110114615410566, 0.004719458520412445, 0.02554851770401001, 0.0005992126534692943, 0.211308553814888, 0.7526204586029053, 0.0033927948679775]"
1692,5,5,"[5.767143375123851e-05, 0.0002955652307718992, 0.0026424212846904993, 0.000823197653517127, 0.00019661006808746606, 0.995895504951477, 8.893651101971045e-05]"
1693,5,5,"[1.8635955711943097e-05, 9.881491132546216e-05, 0.0017212044913321733, 0.00027580204186961055, 0.0003406328905839473, 0.9974867105484009, 5.8237947087036446e-05]"
1694,5,5,"[1.9224034986109473e-05, 9.136406879406422e-05, 0.000985221820883453, 0.0002258157473988831, 0.0003351283085066825, 0.9982057809829712, 0.00013734075764659792]"
1695,5,2,"[0.010876917280256748, 0.027929134666919708, 0.705035388469696, 0.012541038915514946, 0.06660140305757523, 0.17698706686496735, 2.912097806984093e-05]"
1696,5,5,"[0.05596281215548515, 0.04967299848794937, 0.24341616034507751, 0.01670185476541519, 0.22107288241386414, 0.41301873326301575, 0.00015454008826054633]"
1697,5,5,"[0.00011385049583623186, 0.0013293378287926316, 0.0020457813516259193, 0.0013854323187842965, 0.00031473702983930707, 0.98802649974823, 0.006784379016608]"
1698,1,1,"[0.06033413112163544, 0.4755125343799591, 0.08906210213899612, 0.039882294833660126, 0.012366147711873055, 0.3196830153465271, 0.00315979216247797]"
1699,4,5,"[0.0029039611108601093, 0.004332040436565876, 0.0533287487924099, 0.000744844728615135, 0.3404618501663208, 0.5974593758583069, 0.0007692185463383794]"
1700,5,5,"[3.5917058994527906e-05, 0.00012101933680241928, 0.0035624385345727205, 0.0001866134989541024, 0.0007071073050610721, 0.9953706860542297, 1.6104178939713165e-05]"
1701,5,4,"[0.0004745266633108258, 0.0010191750479862094, 0.01779698021709919, 0.00038306531496345997, 0.6835755705833435, 0.25616130232810974, 0.040589407086372375]"
1702,5,2,"[0.1436130702495575, 0.044463951140642166, 0.5291239023208618, 0.026379624381661415, 0.16321726143360138, 0.09314371645450592, 5.8419729612069204e-05]"
1703,5,5,"[9.533666161587462e-05, 0.00031258256058208644, 0.0032220252323895693, 0.0012828026665374637, 0.0002561505534686148, 0.994783341884613, 4.777170761371963e-05]"
1704,5,5,"[0.0024600119795650244, 0.007777821272611618, 0.043708350509405136, 0.0012088508810847998, 0.06760206073522568, 0.877090334892273, 0.00015248617273755372]"
1705,5,4,"[0.002745809732005, 0.0362977534532547, 0.08441949635744095, 0.0039755902253091335, 0.38442009687423706, 0.3692665100097656, 0.11887466162443161]"
1706,5,5,"[0.0004677101387642324, 0.0014671944081783295, 0.0026758192107081413, 0.005952727515250444, 0.00016979206702671945, 0.9879810214042664, 0.0012857289984822273]"
1707,5,5,"[0.00196129665710032, 0.002657197415828705, 0.053417421877384186, 0.001111784134991467, 0.03987162932753563, 0.900967001914978, 1.3771521480521187e-05]"
1708,5,5,"[2.5783283490454778e-05, 0.0001283462333958596, 0.0020129538606852293, 0.0004247891192790121, 0.0002641069586388767, 0.9970786571502686, 6.53135939501226e-05]"
1709,5,5,"[0.004639549646526575, 0.01002521626651287, 0.044464197009801865, 0.01872999593615532, 0.003319025505334139, 0.9186532497406006, 0.0001688115589786321]"
1710,0,1,"[0.3362502157688141, 0.44375109672546387, 0.07873919606208801, 0.06342090666294098, 0.027265535667538643, 0.047971006482839584, 0.002602014224976301]"
1711,2,5,"[3.96433133573737e-05, 0.00020339590264484286, 0.0022442766930907965, 0.0007123168325051665, 0.0002472516498528421, 0.9964239001274109, 0.00012921777670271695]"
1712,5,5,"[0.00045210443204268813, 0.003156444290652871, 0.026432866230607033, 0.0014047451550140977, 0.01659652590751648, 0.9484296441078186, 0.003527627559378743]"
1713,0,1,"[0.32483792304992676, 0.43477365374565125, 0.1340593695640564, 0.08234235644340515, 0.00741569371894002, 0.014054573141038418, 0.002516341395676136]"
1714,5,2,"[0.010560230351984501, 0.06466180831193924, 0.5367277264595032, 0.01801169291138649, 0.03554737940430641, 0.3343527317047119, 0.00013839700841344893]"
1715,5,2,"[0.04506498575210571, 0.13538780808448792, 0.4617394506931305, 0.030007073655724525, 0.04405263438820839, 0.28356608748435974, 0.00018192546849604696]"
1716,4,5,"[0.003843656275421381, 0.011197797022759914, 0.13170064985752106, 0.0022939310874789953, 0.33999261260032654, 0.5106090307235718, 0.0003623380034696311]"
1717,4,5,"[0.00274090189486742, 0.006958373356610537, 0.16680391132831573, 0.0017240141751244664, 0.2765575349330902, 0.5450425148010254, 0.0001727210619719699]"
1718,6,6,"[0.0273462925106287, 0.3590550124645233, 0.004785728640854359, 0.05724526196718216, 0.004620672669261694, 0.027182478457689285, 0.5197644829750061]"
1719,5,5,"[0.0022579424548894167, 0.018162216991186142, 0.08589254319667816, 0.0038086941931396723, 0.03804062306880951, 0.8516479730606079, 0.00019007173250429332]"
1720,5,5,"[0.0014774969313293695, 0.004015808925032616, 0.03044167347252369, 0.0007309698266908526, 0.1374605894088745, 0.8253432512283325, 0.0005302397185005248]"
1721,5,5,"[5.232385592535138e-05, 0.00015111357788555324, 0.0022736708633601665, 0.00010008516983361915, 0.0030741796363145113, 0.994268536567688, 8.01019705249928e-05]"
1722,5,5,"[2.2007085135555826e-05, 0.0001487911940785125, 0.0014446107670664787, 0.0003322515985928476, 0.00025757626281119883, 0.9975812435150146, 0.0002134793612640351]"
1723,5,5,"[0.0001540592493256554, 0.0008368536364287138, 0.0017791414866223931, 0.0029211873188614845, 0.00016596064961049706, 0.9928258657455444, 0.0013168919831514359]"
1724,5,5,"[0.0010284536983817816, 0.008369630202651024, 0.12644711136817932, 0.002081104787066579, 0.12123680859804153, 0.7405120730400085, 0.0003247895510867238]"
1725,1,1,"[0.08251869678497314, 0.6902830600738525, 0.010597635991871357, 0.11915554851293564, 0.0013564282562583685, 0.016966067254543304, 0.07912252843379974]"
1726,0,0,"[0.35217902064323425, 0.18491677939891815, 0.19953171908855438, 0.05304582789540291, 0.114316426217556, 0.09487108141183853, 0.0011391398729756474]"
1727,4,2,"[0.0022406778298318386, 0.016527213156223297, 0.5054919123649597, 0.004693125374615192, 0.14349456131458282, 0.32727351784706116, 0.0002789634745568037]"
1728,5,5,"[0.0018289834260940552, 0.006046736147254705, 0.004922752734273672, 0.0006421835860237479, 0.009900469332933426, 0.9718833565711975, 0.0047755311243236065]"
1729,5,5,"[0.0003787489258684218, 0.0006599456537514925, 0.013898080214858055, 0.002779886359348893, 0.000626000517513603, 0.9816381931304932, 1.9046916349907406e-05]"
1730,1,2,"[0.21986860036849976, 0.1260337084531784, 0.4849868416786194, 0.04034824296832085, 0.10473103821277618, 0.02365231141448021, 0.00037923254421912134]"
1731,5,5,"[1.962705937330611e-05, 6.925916386535391e-05, 0.0026894325856119394, 6.116175063652918e-05, 0.011913476511836052, 0.9847393035888672, 0.0005077540408819914]"
1732,5,5,"[1.1125429409730714e-05, 5.6938599300337955e-05, 0.0011048488086089492, 8.33424273878336e-05, 0.0007052411092445254, 0.9979075193405151, 0.0001308725622948259]"
1733,5,5,"[3.854940223391168e-05, 0.0002729783009272069, 0.0019776502158492804, 0.0005664436030201614, 0.00015907369379419833, 0.9968847632408142, 0.0001004925652523525]"
1734,5,2,"[0.06724313646554947, 0.09812844544649124, 0.33314430713653564, 0.01943577639758587, 0.18986603617668152, 0.29183194041252136, 0.00035031637526117265]"
1735,5,5,"[3.3938584238057956e-05, 0.00016308770864270627, 0.0016985558904707432, 0.0006209504790604115, 0.00022349623031914234, 0.9970855116844177, 0.00017453593318350613]"
1736,1,1,"[0.03492042422294617, 0.6835528016090393, 0.025349948555231094, 0.1264776885509491, 0.004718608222901821, 0.1042163297533989, 0.020764198154211044]"
1737,5,5,"[4.708155393018387e-05, 0.00011313229333609343, 0.008332927711308002, 0.0001404579816153273, 0.008706865832209587, 0.9826292991638184, 3.0225268346839584e-05]"
1738,5,5,"[0.0014970259508118033, 0.01229748222976923, 0.04483550414443016, 0.0007824399508535862, 0.12110315263271332, 0.7402951121330261, 0.07918931543827057]"
1739,5,5,"[0.0007073740125633776, 0.0017505304422229528, 0.0835270956158638, 0.0006024405010975897, 0.23419047892093658, 0.6791105270385742, 0.0001115524210035801]"
1740,4,5,"[0.018451835960149765, 0.018509751185774803, 0.018009399995207787, 0.0013377841096371412, 0.39528387784957886, 0.5178569555282593, 0.030550500378012657]"
1741,5,5,"[1.9943596271332353e-05, 0.0001386653893860057, 0.0011889523593708873, 0.0002167163329431787, 0.00024276033218484372, 0.9980667233467102, 0.00012631912250071764]"
1742,5,5,"[5.403292743721977e-05, 0.0002864612906705588, 0.0011152372462674975, 0.0007560389349237084, 0.0001985707349376753, 0.9971109628677368, 0.0004786915087606758]"
1743,6,4,"[0.0013063595397397876, 0.0036007778253406286, 0.021261034533381462, 0.00038205506280064583, 0.5447356104850769, 0.3622804582118988, 0.06643368303775787]"
1744,5,5,"[1.252572656085249e-05, 9.252567542716861e-05, 0.0016282802680507302, 0.00017534190556034446, 0.0008412624592892826, 0.996812641620636, 0.0004373269621282816]"
1745,2,2,"[0.01722652092576027, 0.039219100028276443, 0.607047438621521, 0.01664735935628414, 0.11086512356996536, 0.2089472860097885, 4.720913420896977e-05]"
1746,6,2,"[0.006098264362663031, 0.029291409999132156, 0.4474855065345764, 0.010306695476174355, 0.19095301628112793, 0.31514471769332886, 0.0007203734712675214]"
1747,4,5,"[0.0014231711393222213, 0.004796002991497517, 0.12229719758033752, 0.0018675816245377064, 0.13028539717197418, 0.7392792105674744, 5.149740900378674e-05]"
1748,5,5,"[1.7036873032338917e-05, 5.581021468969993e-05, 0.0028418535366654396, 8.57320410432294e-05, 0.0019254973158240318, 0.9950348138809204, 3.921271490980871e-05]"
1749,5,1,"[0.08537966758012772, 0.7232049703598022, 0.024390460923314095, 0.08923891186714172, 0.005353608168661594, 0.06264986097812653, 0.009782508946955204]"
1750,5,5,"[3.704439950524829e-05, 0.00017991664935834706, 0.002836833242326975, 0.0003101828624494374, 0.00036883880966342986, 0.9962406158447266, 2.65521648543654e-05]"
1751,5,5,"[2.203471740358509e-05, 0.0001072151426342316, 0.00115007848944515, 0.00021960758022032678, 0.0002900028775911778, 0.9981293082237244, 8.16833708086051e-05]"
1752,5,5,"[2.5836652639554814e-05, 0.00011950712359976023, 0.0010916998144239187, 0.0002582981833256781, 0.00028731190832331777, 0.9980796575546265, 0.00013767548080068082]"
1753,4,2,"[0.021821431815624237, 0.020915867760777473, 0.6332966089248657, 0.011332400143146515, 0.15927086770534515, 0.15332847833633423, 3.436321276240051e-05]"
1754,5,5,"[0.03345925733447075, 0.0975683405995369, 0.36424535512924194, 0.01350881066173315, 0.0701022744178772, 0.42094090580940247, 0.0001750351075315848]"
1755,0,2,"[0.2426484078168869, 0.11215003579854965, 0.27758437395095825, 0.10001464188098907, 0.08409233391284943, 0.1826876699924469, 0.0008225360652431846]"
1756,5,5,"[0.014157152734696865, 0.17326411604881287, 0.11027223616838455, 0.0437064953148365, 0.05710228532552719, 0.5982144474983215, 0.0032833130098879337]"
1757,5,5,"[0.0004903001827187836, 0.0011019348166882992, 0.004358452279120684, 0.004959955811500549, 0.00019904359942302108, 0.9886619448661804, 0.00022837615688331425]"
1758,2,5,"[0.00193682755343616, 0.019316446036100388, 0.2974779009819031, 0.004524621646851301, 0.05799629166722298, 0.6186070442199707, 0.0001408648822689429]"
1759,5,5,"[0.0009355793008580804, 0.0032109988387674093, 0.0025141434744000435, 0.0013316774275153875, 0.00030813063494861126, 0.9907750487327576, 0.0009243497624993324]"
1760,0,5,"[0.05294356495141983, 0.04149845615029335, 0.18429157137870789, 0.009134241379797459, 0.13034352660179138, 0.581527590751648, 0.0002610218070913106]"
1761,2,2,"[0.014406074769794941, 0.0334857702255249, 0.5988302826881409, 0.013781880028545856, 0.10125523060560226, 0.23820312321186066, 3.762029155041091e-05]"
1762,5,5,"[0.001109918812289834, 0.0014294189168140292, 0.0413341149687767, 0.0006404852028936148, 0.026249829679727554, 0.9292163848876953, 1.9824572518700734e-05]"
1763,5,5,"[0.00017284086789004505, 0.0008379387436434627, 0.016684358939528465, 0.00018983289191965014, 0.06789613515138626, 0.9118068814277649, 0.002412062371149659]"
1764,5,5,"[3.7055844586575404e-05, 0.00011236326827201992, 0.008648964576423168, 0.00024330073210876435, 0.00241580861620605, 0.9885093569755554, 3.3107124181697145e-05]"
1765,5,5,"[0.0005024925339967012, 0.0021008553449064493, 0.08593868464231491, 0.0008607000345364213, 0.047189079225063324, 0.8633862137794495, 2.192460306105204e-05]"
1766,5,5,"[5.024888741900213e-05, 0.0002475007495377213, 0.0035752737894654274, 0.0004562847607303411, 0.00023451009474229068, 0.9954131245613098, 2.3135273295338266e-05]"
1767,5,5,"[0.0004679517005570233, 0.0006808183388784528, 0.0862196758389473, 0.0005379374488256872, 0.2747255861759186, 0.6373034715652466, 6.451798981288448e-05]"
1768,5,5,"[5.0997132348129526e-05, 0.00020223013416398317, 0.0060395123437047005, 0.0005018021911382675, 0.0004645147128030658, 0.9927283525466919, 1.2570586477522738e-05]"
1769,5,5,"[0.0016809647204354405, 0.004925467073917389, 0.1922733336687088, 0.0017307072412222624, 0.37245112657546997, 0.4267456829547882, 0.00019262607384007424]"
1770,5,5,"[0.0002745275560300797, 0.0013555081095546484, 0.13835862278938293, 0.0008808514685370028, 0.018811943009495735, 0.8403103947639465, 8.134037670970429e-06]"
1771,4,5,"[0.005417451728135347, 0.0026649893261492252, 0.037034131586551666, 0.001020078081637621, 0.1391117423772812, 0.814639151096344, 0.00011255771823925897]"
1772,4,5,"[0.0006697749486193061, 0.0014669536612927914, 0.10132906585931778, 0.0006640302599407732, 0.17965589463710785, 0.7161545753479004, 5.97332400502637e-05]"
1773,2,4,"[0.0013368562795221806, 0.002840201836079359, 0.04542582109570503, 0.0004654852964449674, 0.6086246967315674, 0.3380507528781891, 0.003256232710555196]"
1774,5,5,"[0.04795960336923599, 0.0704600065946579, 0.09647738933563232, 0.010132510215044022, 0.1691886931657791, 0.6050652265548706, 0.0007165604620240629]"
1775,5,5,"[3.102543996647e-05, 0.0001541451783850789, 0.0016756398836150765, 0.0004826820513699204, 0.00021611203555949032, 0.9973293542861938, 0.00011097040260210633]"
1776,5,5,"[5.9179677919019014e-05, 0.00023728491214569658, 0.001655051950365305, 0.0006601003697142005, 0.0001966710842680186, 0.9971217513084412, 7.005712541285902e-05]"
1777,5,5,"[2.492868406989146e-05, 0.00016728007176425308, 0.0013656470691785216, 0.00041994283674284816, 0.00034055978176184, 0.9973995685577393, 0.0002820559893734753]"
1778,5,5,"[2.397785647190176e-05, 0.00016501401842106134, 0.002045979490503669, 0.00038234793464653194, 0.0003664045361801982, 0.9967154264450073, 0.00030084795434959233]"
1779,2,4,"[0.001813927199691534, 0.0056970869190990925, 0.2046334594488144, 0.0015777614898979664, 0.5055249333381653, 0.28020185232162476, 0.0005510080372914672]"
1780,2,5,"[0.0007678947295062244, 0.0022223773412406445, 0.13092471659183502, 0.001208885689266026, 0.05102675408124924, 0.8138362169265747, 1.311245887336554e-05]"
1781,5,5,"[1.59474275278626e-05, 0.00011640609591268003, 0.0023634913377463818, 0.00024365079298149794, 0.0003708257572725415, 0.996823787689209, 6.587320240214467e-05]"
1782,2,5,"[0.0012344297720119357, 0.003865232225507498, 0.01748177967965603, 0.000625213491730392, 0.051119208335876465, 0.9254171848297119, 0.0002570237556938082]"
1783,5,4,"[0.0019297648686915636, 0.006646409630775452, 0.03255762159824371, 0.0008424719562754035, 0.6474514603614807, 0.2596316635608673, 0.050940584391355515]"
1784,6,6,"[0.004673127084970474, 0.05683721601963043, 0.0014315205626189709, 0.0060569350607693195, 0.0037397281266748905, 0.02047479897737503, 0.9067866206169128]"
1785,5,5,"[3.8945378037169576e-05, 0.0002097721298923716, 0.0013154832413420081, 0.000609482463914901, 0.00018329710292164236, 0.9974201917648315, 0.00022285875456873327]"
1786,5,2,"[0.008432566188275814, 0.011655375361442566, 0.43410956859588623, 0.006923234555870295, 0.11305113136768341, 0.42580729722976685, 2.0839212083956227e-05]"
1787,5,5,"[0.00016563165991101414, 0.0003168869880028069, 0.005651848390698433, 0.000591004325542599, 0.0009063255274668336, 0.992359459400177, 8.74286524776835e-06]"
1788,5,5,"[0.001551815657876432, 0.005444350186735392, 0.11745869368314743, 0.0014716919977217913, 0.21862995624542236, 0.6552582383155823, 0.0001852114510256797]"
1789,4,5,"[0.0007553752511739731, 0.002036389894783497, 0.038073573261499405, 0.00047670528874732554, 0.3345085680484772, 0.6235199570655823, 0.0006294511840678751]"
1790,2,5,"[0.0038013809826225042, 0.004666445776820183, 0.028288260102272034, 0.0006119232275523245, 0.19352710247039795, 0.7682414054870605, 0.0008634304394945502]"
1791,0,2,"[0.26957467198371887, 0.09970752149820328, 0.3621520698070526, 0.07252582162618637, 0.06816153228282928, 0.12771697342395782, 0.0001614579523447901]"
1792,5,5,"[0.0007557839853689075, 0.0032169055193662643, 0.025997811928391457, 0.005520797334611416, 0.0021348395384848118, 0.9622535705566406, 0.00012032412632834166]"
1793,5,5,"[8.177378185791895e-05, 0.0002791140868794173, 0.002271785167977214, 0.00104193773586303, 0.00023153674555942416, 0.9960324168205261, 6.14172822679393e-05]"
1794,5,5,"[1.4919782188371755e-05, 5.4132866353029385e-05, 0.0017876740312203765, 0.00012457904813345522, 0.0006108544184826314, 0.9973694086074829, 3.842840305878781e-05]"
1795,5,5,"[3.675484549603425e-05, 0.0001874522858997807, 0.0026181195862591267, 0.0006076301797293127, 0.0002851629687938839, 0.9961984753608704, 6.640986975980923e-05]"
1796,5,5,"[0.0004015901358798146, 0.0011989375343546271, 0.018363764509558678, 0.0005441653192974627, 0.1880943924188614, 0.774725615978241, 0.016671545803546906]"
1797,2,5,"[0.0031846670899540186, 0.0067024980671703815, 0.14962361752986908, 0.0021360658574849367, 0.17367854714393616, 0.6646246314048767, 4.994088885723613e-05]"
1798,5,5,"[5.171513475943357e-05, 0.00017353131261188537, 0.002842056332156062, 0.00032509828452020884, 0.0005130764911882579, 0.9960771203041077, 1.7447044228902087e-05]"
1799,5,5,"[0.0017534192884340882, 0.002229085424914956, 0.034719448536634445, 0.0004908854025416076, 0.08212910592556, 0.8785744905471802, 0.00010357053542975336]"
1800,4,5,"[0.00045318700722418725, 0.0019644841086119413, 0.1325610727071762, 0.000566155940759927, 0.38544413447380066, 0.4784242808818817, 0.0005866974825039506]"
1801,4,5,"[0.009781106375157833, 0.04130101948976517, 0.054413992911577225, 0.005007663741707802, 0.043401092290878296, 0.8453999757766724, 0.0006951176328584552]"
1802,5,5,"[0.000103402700915467, 0.0005154860555194318, 0.002154925838112831, 0.0017288115341216326, 0.0001396872103214264, 0.9951010346412659, 0.00025665617431513965]"
1803,5,5,"[4.984758561477065e-05, 0.00018518188153393567, 0.0035312396939843893, 0.000462143070762977, 0.00038667707121931016, 0.9953677654266357, 1.7104513972299173e-05]"
1804,5,5,"[0.006223546806722879, 0.0032245221082121134, 0.24627941846847534, 0.003520447527989745, 0.12093367427587509, 0.6198068857192993, 1.154297024186235e-05]"
1805,5,5,"[0.004473486449569464, 0.006719849072396755, 0.21471835672855377, 0.0020097214728593826, 0.24104666709899902, 0.5309869050979614, 4.501066359807737e-05]"
1806,5,5,"[0.002483002608641982, 0.005694782827049494, 0.048721909523010254, 0.0009467710042372346, 0.055880457162857056, 0.8861904740333557, 8.265293581644073e-05]"
1807,5,1,"[0.05632596090435982, 0.3561704158782959, 0.058190371841192245, 0.30183616280555725, 0.001053934684023261, 0.21952371299266815, 0.006899444852024317]"
1808,2,2,"[0.004457253962755203, 0.008637798950076103, 0.6299142241477966, 0.01002144068479538, 0.04896029457449913, 0.29797452688217163, 3.442975503276102e-05]"
1809,5,5,"[0.00024496414698660374, 0.0006129611865617335, 0.03290259838104248, 0.00014967935567256063, 0.10722779482603073, 0.858666181564331, 0.00019583215180318803]"
1810,5,5,"[0.04666658118367195, 0.055454693734645844, 0.32413414120674133, 0.025110434740781784, 0.06577133387327194, 0.4828137457370758, 4.906695176032372e-05]"
1811,5,5,"[0.00022582788369618356, 0.0005834927433170378, 0.04279080778360367, 0.0005142807494848967, 0.010402572341263294, 0.9454340934753418, 4.897667167824693e-05]"
1812,5,5,"[3.034323890460655e-05, 0.00013599349767901003, 0.0012820125557482243, 0.00038261801819317043, 0.00021767272846773267, 0.9978737831115723, 7.767654460621998e-05]"
1813,4,5,"[0.0009037243435159326, 0.0021440538112074137, 0.023335281759500504, 0.0003909379302058369, 0.3126829266548157, 0.6584169268608093, 0.0021261894144117832]"
1814,5,5,"[1.1919953067263123e-05, 4.92345861857757e-05, 0.0009199694031849504, 0.0001223283470608294, 0.0007591517642140388, 0.9979066848754883, 0.00023077867808751762]"
1815,4,5,"[0.0010599811794236302, 0.002239786321297288, 0.204890638589859, 0.002416443545371294, 0.20645175874233246, 0.5828365683555603, 0.00010486925748409703]"
1816,5,5,"[2.2266744053922594e-05, 0.0001318374852417037, 0.0025659010279923677, 0.00032991243642754853, 0.0003757029480766505, 0.9964941143989563, 8.028119918890297e-05]"
1817,5,5,"[4.4720349251292646e-05, 0.00014975891099311411, 0.001584277139045298, 0.00043922351323999465, 0.00026509969029575586, 0.9974754452705383, 4.1496103222016245e-05]"
1818,5,5,"[0.00016112258890643716, 0.0006419428973458707, 0.0074079264886677265, 0.0001962322130566463, 0.03149214759469032, 0.9595414400100708, 0.0005591148510575294]"
1819,2,2,"[0.060067176818847656, 0.05987686291337013, 0.6159477829933167, 0.04232412949204445, 0.110585518181324, 0.11109591275453568, 0.00010258422116748989]"
1820,5,5,"[4.8290432459907606e-05, 0.00023328521638177335, 0.0016138158971443772, 0.0005211831303313375, 0.0001737552956910804, 0.99730384349823, 0.0001058175548678264]"
1821,2,5,"[0.030771689489483833, 0.017413517460227013, 0.28777334094047546, 0.009692338295280933, 0.2987256348133087, 0.35555824637413025, 6.527347431983799e-05]"
1822,4,5,"[0.00010586204007267952, 0.0003640037029981613, 0.009905843995511532, 0.00023928130394779146, 0.15030896663665771, 0.8076280355453491, 0.03144804388284683]"
1823,2,2,"[0.01287190243601799, 0.06265027076005936, 0.6685141921043396, 0.025545980781316757, 0.027101734653115273, 0.20326045155525208, 5.542810686165467e-05]"
1824,5,5,"[4.5824283006368205e-05, 0.00019744099699892104, 0.002876172075048089, 0.0006360931438393891, 0.0002504201838746667, 0.9959564805030823, 3.7450801755767316e-05]"
1825,0,1,"[0.14149940013885498, 0.5401318669319153, 0.026949480175971985, 0.07570631057024002, 0.03665729984641075, 0.043875936418771744, 0.13517972826957703]"
1826,5,5,"[0.0031093047000467777, 0.009191793389618397, 0.2970575988292694, 0.003550243563950062, 0.16155368089675903, 0.5254266262054443, 0.00011077969975303859]"
1827,5,5,"[0.00019345506734680384, 0.0010956558398902416, 0.03394037112593651, 0.00021561681933235377, 0.16998763382434845, 0.7936988472938538, 0.0008683318155817688]"
1828,4,5,"[0.0004172388871666044, 0.0008634880650788546, 0.09959447383880615, 0.000627721194177866, 0.2759673297405243, 0.6223354935646057, 0.00019426232029218227]"
1829,2,0,"[0.33980196714401245, 0.16661545634269714, 0.30872663855552673, 0.09073253720998764, 0.022466124966740608, 0.0706762820482254, 0.0009809347102418542]"
1830,5,5,"[0.0003226736153010279, 0.0008133704541251063, 0.005952062550932169, 0.002443952951580286, 0.0002450762258376926, 0.9901956915855408, 2.719619806157425e-05]"
1831,5,2,"[0.006278409156948328, 0.0692591592669487, 0.4812189042568207, 0.011981219053268433, 0.06394005566835403, 0.3668080270290375, 0.0005142246372997761]"
1832,5,5,"[5.1520510169211775e-05, 0.00024419763940386474, 0.002014557598158717, 0.000997681636363268, 0.00021880444546695799, 0.9962863922119141, 0.00018691328295972198]"
1833,5,1,"[0.1513289511203766, 0.5925652980804443, 0.10033082962036133, 0.094688780605793, 0.0030631551053375006, 0.056047454476356506, 0.001975493272766471]"
1834,5,5,"[3.412354999454692e-05, 0.0001544507686048746, 0.002383581595495343, 0.00039137527346611023, 0.00021031762298662215, 0.9967785477638245, 4.761387754115276e-05]"
1835,5,5,"[2.324627712368965e-05, 0.00011951748456340283, 0.0011846085544675589, 0.00025159743381664157, 0.000249248871114105, 0.9980406165122986, 0.00013111726730130613]"
1836,5,5,"[0.00010096448386320844, 0.00035150867188349366, 0.0023201974108815193, 0.0012783017009496689, 0.00017065589781850576, 0.9956663846969604, 0.00011190478107891977]"
1837,5,5,"[2.178107934014406e-05, 0.00010157064389204606, 0.001221137004904449, 0.00022699261899106205, 0.0002549512137193233, 0.9980864524841309, 8.705231448402628e-05]"
1838,5,5,"[0.0015844509471207857, 0.004414132330566645, 0.0435863621532917, 0.0009972909465432167, 0.1021115854382515, 0.8471566438674927, 0.00014957373787183315]"
1839,5,5,"[4.115516640013084e-05, 0.00011325700324960053, 0.012904196046292782, 0.00012586457887664437, 0.014732718467712402, 0.9720368385314941, 4.604125933838077e-05]"
1840,5,5,"[0.00248246593400836, 0.0028170477598905563, 0.09910256415605545, 0.004151493776589632, 0.006901751738041639, 0.8845391273498535, 5.531954684556695e-06]"
1841,4,4,"[0.006893616635352373, 0.029752928763628006, 0.3679533302783966, 0.0051834462210536, 0.4218241572380066, 0.16538123786449432, 0.003011213382706046]"
1842,2,4,"[0.0008024087292142212, 0.0017907848814502358, 0.02880895510315895, 0.0004009873082395643, 0.6986134052276611, 0.24675032496452332, 0.022833101451396942]"
1843,5,5,"[4.7558271035086364e-05, 0.000177472218638286, 0.0021557293366640806, 8.91269592102617e-05, 0.001824647537432611, 0.9955765008926392, 0.00012901790614705533]"
1844,2,2,"[0.004333700519055128, 0.0250549279153347, 0.5417632460594177, 0.00788328517228365, 0.13784834742546082, 0.282917320728302, 0.00019919400801882148]"
1845,5,4,"[0.0005034382920712233, 0.0008804195676930249, 0.02138248085975647, 0.0003034048422705382, 0.7080860733985901, 0.2613106667995453, 0.0075334832072257996]"
1846,5,5,"[1.5544010238954797e-05, 9.517158468952402e-05, 0.0009260507067665458, 0.0001798737357603386, 0.00035389611730352044, 0.9982328414916992, 0.00019647812587209046]"
1847,5,5,"[0.00024322934041265398, 0.000460142211522907, 0.0054743909277021885, 0.0016686206217855215, 0.00041101218084804714, 0.9917238354682922, 1.8870585336117074e-05]"
1848,5,5,"[0.00042820945964194834, 0.0019838358275592327, 0.11189106106758118, 0.0005874097114428878, 0.33572524785995483, 0.5488171577453613, 0.0005670989630743861]"
1849,2,2,"[0.00932242814451456, 0.016067568212747574, 0.36318522691726685, 0.006462976802140474, 0.3235100507736206, 0.2812877297401428, 0.00016399845480918884]"
1850,4,4,"[0.0008823558455333114, 0.0019109571585431695, 0.017223088070750237, 0.0008339959313161671, 0.5265173316001892, 0.3549486994743347, 0.09768355637788773]"
1851,0,5,"[0.025529341772198677, 0.041564635932445526, 0.1403765231370926, 0.07001932710409164, 0.0010901736095547676, 0.7213284969329834, 9.153313294518739e-05]"
1852,5,5,"[0.001185199012979865, 0.001612329506315291, 0.04333687946200371, 0.0006949310190975666, 0.07469174265861511, 0.8784470558166504, 3.18604834319558e-05]"
1853,5,5,"[0.0007030600681900978, 0.008082577958703041, 0.026802245527505875, 0.0010476993629708886, 0.19194971024990082, 0.6851752400398254, 0.08623948693275452]"
1854,2,2,"[0.016631437465548515, 0.1169893741607666, 0.44930022954940796, 0.023991212248802185, 0.02621317468583584, 0.3666868209838867, 0.00018777407240122557]"
1855,3,2,"[0.1268622875213623, 0.2646481990814209, 0.41302451491355896, 0.045351337641477585, 0.03083517774939537, 0.11901871860027313, 0.00025975832249969244]"
1856,4,4,"[0.0007555786869488657, 0.002412518486380577, 0.11108333617448807, 0.0005648277583532035, 0.5080033540725708, 0.37664347887039185, 0.0005369060090743005]"
1857,5,5,"[2.3483476979890838e-05, 0.00011740205809473991, 0.0013668517349287868, 0.00024308064894285053, 0.00027486341423355043, 0.9978352189064026, 0.00013899449550081044]"
1858,5,5,"[4.8516045353608206e-05, 0.00017253693658858538, 0.0018693091114982963, 0.00042890067561529577, 0.00025735306553542614, 0.9971855282783508, 3.790495247812942e-05]"
1859,2,2,"[0.01199273206293583, 0.06442052125930786, 0.5885509848594666, 0.018735460937023163, 0.03281269967556, 0.28338325023651123, 0.00010435175499878824]"
1860,5,5,"[0.026623796671628952, 0.04262178763747215, 0.10203630477190018, 0.010768354870378971, 0.03910988196730614, 0.7787250876426697, 0.0001147844668594189]"
1861,5,5,"[2.5411918613826856e-05, 0.00013715194654650986, 0.0013388101942837238, 0.0005068685859441757, 0.00033758077188394964, 0.9972699284553528, 0.00038416270399466157]"
1862,2,2,"[0.028475038707256317, 0.043852027505636215, 0.7910453677177429, 0.028708545491099358, 0.027860023081302643, 0.08003382384777069, 2.522193972254172e-05]"
1863,1,1,"[0.1523285061120987, 0.6115567088127136, 0.07327745109796524, 0.11367339640855789, 0.009455354884266853, 0.018766943365335464, 0.020941611379384995]"
1864,4,2,"[0.18884959816932678, 0.0598289892077446, 0.4502194821834564, 0.02769334614276886, 0.22158102691173553, 0.05170534923672676, 0.00012213793525006622]"
1865,5,5,"[0.00022261880803853273, 0.0007922747754491866, 0.005330509506165981, 0.0015456051332876086, 0.00027668813709169626, 0.9918146729469299, 1.7662847312749363e-05]"
1866,5,5,"[3.090336758759804e-05, 0.00019518888439051807, 0.0020697996951639652, 0.0004420799668878317, 0.00024897203547880054, 0.996953010559082, 6.007680713082664e-05]"
1867,2,2,"[0.03268391266465187, 0.059565071016550064, 0.8034712076187134, 0.036024630069732666, 0.014395047910511494, 0.053802669048309326, 5.743342626374215e-05]"
1868,1,2,"[0.02474995329976082, 0.045175716280937195, 0.4244197905063629, 0.01393385324627161, 0.1475525051355362, 0.3441063165664673, 6.181162461871281e-05]"
1869,5,5,"[3.459442814346403e-05, 0.00016188489098567516, 0.0019414509879425168, 0.0005873829941265285, 0.00024837892851792276, 0.9969616532325745, 6.474342808360234e-05]"
1870,4,4,"[0.0027220966294407845, 0.005238496232777834, 0.16067714989185333, 0.0015809758333489299, 0.6786181926727295, 0.14897242188453674, 0.0021906993351876736]"
1871,2,2,"[0.00797998160123825, 0.037439096719026566, 0.6535526514053345, 0.01430584117770195, 0.03165477141737938, 0.25502732396125793, 4.027273098472506e-05]"
1872,1,5,"[0.0006696925847791135, 0.00533895893022418, 0.16401351988315582, 0.0011538174003362656, 0.11346745491027832, 0.7149026989936829, 0.0004538344219326973]"
1873,5,5,"[1.745740337355528e-05, 4.228651960147545e-05, 0.0019724410958588123, 0.00016176955250557512, 0.0013507917756214738, 0.9963739514350891, 8.125801832647994e-05]"
1874,5,5,"[0.0011795673053711653, 0.0026445367839187384, 0.07521700114011765, 0.0005476846126839519, 0.23134107887744904, 0.6888401508331299, 0.00022991422156337649]"
1875,2,2,"[0.05860377103090286, 0.02546650543808937, 0.3223731815814972, 0.01302321907132864, 0.2962285578250885, 0.2842355966567993, 6.921363819856197e-05]"
1876,5,5,"[5.92988399148453e-05, 0.0002877450315281749, 0.0026455994229763746, 0.0008731382549740374, 0.00019718025578185916, 0.9958798885345459, 5.714729195460677e-05]"
1877,5,5,"[0.04767817631363869, 0.06008947640657425, 0.2884500324726105, 0.01452656090259552, 0.29289180040359497, 0.29616209864616394, 0.0002019304083660245]"
1878,4,5,"[0.007452784571796656, 0.015500499866902828, 0.24615661799907684, 0.005545079708099365, 0.14164350926876068, 0.5836526155471802, 4.887932300334796e-05]"
1879,5,5,"[1.1728830031643156e-05, 4.2393836338305846e-05, 0.0013397382572293282, 5.6566230341559276e-05, 0.0015908078057691455, 0.9967718720436096, 0.0001868767139967531]"
1880,5,5,"[0.00013469190162140876, 0.0005271726986393332, 0.019982440397143364, 0.00017203880997840315, 0.07361135631799698, 0.9052313566207886, 0.0003409478522371501]"
1881,2,5,"[0.0018213513540104032, 0.013243740424513817, 0.03462391719222069, 0.002054620534181595, 0.3571460247039795, 0.44716644287109375, 0.1439439356327057]"
1882,1,5,"[0.018950797617435455, 0.21623192727565765, 0.14809510111808777, 0.0422111377120018, 0.020880084484815598, 0.5527713298797607, 0.0008596297120675445]"
1883,5,5,"[0.0032525863498449326, 0.004800153896212578, 0.038661420345306396, 0.0007598760421387851, 0.17160308361053467, 0.7806733250617981, 0.0002496525121387094]"
1884,1,5,"[0.012578762136399746, 0.050065577030181885, 0.08040475845336914, 0.0032025554683059454, 0.21117638051509857, 0.6237053275108337, 0.018866628408432007]"
1885,4,2,"[0.04702303186058998, 0.060500577092170715, 0.6346408724784851, 0.022265708073973656, 0.17440178990364075, 0.06106934696435928, 9.876575495582074e-05]"
1886,5,5,"[9.054839028976858e-05, 0.0003473160322755575, 0.002620500745251775, 0.0011731255799531937, 0.0001925629039760679, 0.9955072402954102, 6.870704964967445e-05]"
1887,0,0,"[0.4387162923812866, 0.17265252768993378, 0.2672480344772339, 0.07537612318992615, 0.03022708185017109, 0.014982839114964008, 0.00079713313607499]"
1888,5,5,"[0.0016166017157956958, 0.003153732977807522, 0.07689537853002548, 0.000868896720930934, 0.20140807330608368, 0.715968132019043, 8.91944655450061e-05]"
1889,5,2,"[0.0036231200210750103, 0.007736985106021166, 0.5088295340538025, 0.004840706940740347, 0.09016355127096176, 0.38479161262512207, 1.4495471077680122e-05]"
1890,2,5,"[0.009174971841275692, 0.012010077945888042, 0.36862364411354065, 0.007101248484104872, 0.11526279151439667, 0.4878094792366028, 1.7827465853770263e-05]"
1891,5,5,"[0.00023438537027686834, 0.0005630478844977915, 0.005154794082045555, 0.0026067171711474657, 0.00024442237918265164, 0.9911364316940308, 6.030253280187026e-05]"
1892,5,5,"[7.602034747833386e-05, 0.0003389903868082911, 0.001584788435138762, 0.0012648773845285177, 0.00015877216355875134, 0.9962475895881653, 0.0003289352753199637]"
1893,5,5,"[0.0001508966670371592, 0.00031460245372727513, 0.02469698153436184, 0.0003703479596879333, 0.010790998116135597, 0.9636227488517761, 5.341255746316165e-05]"
1894,5,5,"[5.00034584547393e-05, 0.00020267668878659606, 0.0015535865677520633, 0.0008261795155704021, 0.00020996079547330737, 0.9970024228096008, 0.00015521617024205625]"
1895,5,5,"[0.00039900446427054703, 0.0040730624459683895, 0.1268724501132965, 0.0012609000550583005, 0.023023588582873344, 0.8443297147750854, 4.1303377656731755e-05]"
1896,5,5,"[0.00012021684960927814, 0.0020277262665331364, 0.0819329246878624, 0.0005638774600811303, 0.02402508072555065, 0.8912288546562195, 0.00010137117351405323]"
1897,5,5,"[6.534584827022627e-05, 0.00026238287682645023, 0.0018488744972273707, 0.0006556885782629251, 0.0001993081095861271, 0.9969223141670227, 4.6069548261584714e-05]"
1898,4,5,"[0.0004224188160151243, 0.000714835652615875, 0.03333349898457527, 0.0005914964713156223, 0.024824803695082664, 0.9401030540466309, 9.896128176478669e-06]"
1899,5,4,"[0.0013155177002772689, 0.0058867414481937885, 0.035996098071336746, 0.0006742362165823579, 0.6279564499855042, 0.2747776210308075, 0.05339330434799194]"
1900,2,2,"[0.026204638183116913, 0.06770306825637817, 0.5052176713943481, 0.022800086066126823, 0.1658419370651245, 0.21208961308002472, 0.00014302798081189394]"
1901,4,5,"[0.010976017452776432, 0.034525103867053986, 0.09190493822097778, 0.0059380000457167625, 0.2248690277338028, 0.6308138966560364, 0.0009730257443152368]"
1902,5,4,"[0.0007500046049244702, 0.0010721733560785651, 0.01953698694705963, 0.0003665668482426554, 0.8096907138824463, 0.14950014650821686, 0.01908346451818943]"
1903,5,5,"[6.379888509400189e-05, 0.00021119785378687084, 0.002571777207776904, 0.0008127344772219658, 0.00030245742527768016, 0.9959958791732788, 4.2155741539318115e-05]"
1904,5,5,"[0.00699597829952836, 0.04154128208756447, 0.25749772787094116, 0.015496823936700821, 0.06585154682397842, 0.6125333905220032, 8.32839505164884e-05]"
1905,0,1,"[0.23280005156993866, 0.32945650815963745, 0.269115149974823, 0.06343892216682434, 0.04799322038888931, 0.056496765464544296, 0.0006993880379013717]"
1906,4,4,"[0.0026471074670553207, 0.006018067244440317, 0.16842423379421234, 0.001068958081305027, 0.46963608264923096, 0.3516792953014374, 0.0005262290360406041]"
1907,5,5,"[3.714631384355016e-05, 0.0001924584648804739, 0.0015123306075111032, 0.0004814828571397811, 0.00017436358029954135, 0.9974316954612732, 0.00017057509103324264]"
1908,2,2,"[0.1653103530406952, 0.12066803127527237, 0.5340277552604675, 0.04235650226473808, 0.10482309758663177, 0.03262786194682121, 0.00018642311624716967]"
1909,5,5,"[1.975345912796911e-05, 0.0001046568650053814, 0.0008192112436518073, 0.00023949387832544744, 0.00027802580734714866, 0.9983057975769043, 0.00023318042804021388]"
1910,5,5,"[0.010850002989172935, 0.04739183187484741, 0.24111394584178925, 0.01611158810555935, 0.08751191943883896, 0.5968979001045227, 0.00012281678209546953]"
1911,2,5,"[0.0002896724035963416, 0.001882718177512288, 0.06979487091302872, 0.0006921101594343781, 0.08205588161945343, 0.8451367616653442, 0.00014795639435760677]"
1912,5,5,"[0.00022628229635301977, 0.0005560580175369978, 0.008306083269417286, 0.0016510310815647244, 0.000549845804926008, 0.9886919260025024, 1.879261435533408e-05]"
1913,5,5,"[8.81082087289542e-05, 0.0002879719831980765, 0.003236927092075348, 0.0012429658090695739, 0.0002704297367017716, 0.9948232173919678, 5.037678056396544e-05]"
1914,2,2,"[0.015043514780700207, 0.054028358310461044, 0.730484127998352, 0.02374226599931717, 0.026119330897927284, 0.1505320817232132, 5.0347640353720635e-05]"
1915,5,5,"[4.4268010242376477e-05, 0.0002035248908214271, 0.0017398707568645477, 0.00043249124428257346, 0.00018602296768222004, 0.9973192811012268, 7.452285353792831e-05]"
1916,0,1,"[0.24133709073066711, 0.46224069595336914, 0.17123478651046753, 0.10423660278320312, 0.003164022695273161, 0.015898462384939194, 0.0018883264856413007]"
1917,2,5,"[0.0015840694541111588, 0.0042046476155519485, 0.05864282324910164, 0.0011342196958139539, 0.08978794515132904, 0.8445571064949036, 8.91893869265914e-05]"
1918,5,5,"[0.002781036775559187, 0.030365126207470894, 0.05987108126282692, 0.004621733445674181, 0.01621609926223755, 0.8858546614646912, 0.00029021769296377897]"
1919,5,5,"[1.7344702428090386e-05, 8.496043301420286e-05, 0.001063553849235177, 0.00020430768199730664, 0.0003320440882816911, 0.9981511235237122, 0.0001466718385927379]"
1920,5,5,"[2.7070769647252746e-05, 0.00016862479969859123, 0.002326403511688113, 0.0003765789733733982, 0.0002142304292647168, 0.996832549571991, 5.451382457977161e-05]"
1921,5,5,"[4.702749356511049e-05, 0.00020356032473500818, 0.00112650275696069, 0.0005967206670902669, 0.00018911402730736881, 0.9976907968521118, 0.00014623261813540012]"
1922,5,5,"[0.0004135780909564346, 0.0022250073961913586, 0.08366643637418747, 0.0004915834288112819, 0.2018735408782959, 0.710918128490448, 0.00041168805910274386]"
1923,1,2,"[0.027780739590525627, 0.070070780813694, 0.5016735792160034, 0.020050710067152977, 0.10571668297052383, 0.27461889386177063, 8.870027522789314e-05]"
1924,5,5,"[3.135151564492844e-05, 0.0001591552427271381, 0.0016081186477094889, 0.0004606557486113161, 0.00022207513393368572, 0.9973854422569275, 0.00013322581071406603]"
1925,5,5,"[2.9116148652974516e-05, 0.00014720635954290628, 0.0011167185148224235, 0.00038033476448617876, 0.00022399031149689108, 0.9979013204574585, 0.00020133450743742287]"
1926,5,2,"[0.049397002905607224, 0.0994417667388916, 0.48512002825737, 0.02487337961792946, 0.11646422743797302, 0.2245350480079651, 0.00016862974734976888]"
1927,5,5,"[0.0030012577772140503, 0.002971168840304017, 0.16628794372081757, 0.002504173666238785, 0.07237803190946579, 0.7528468370437622, 1.0565746379143093e-05]"
1928,5,5,"[0.00024183941422961652, 0.0008231954998336732, 0.002460627118125558, 0.0032025091350078583, 0.0001868542458396405, 0.9926623106002808, 0.00042258386383764446]"
1929,2,1,"[0.16113701462745667, 0.42752760648727417, 0.2746362090110779, 0.0596453957259655, 0.013082134537398815, 0.06309884786605835, 0.0008727195090614259]"
1930,5,5,"[0.0021478035487234592, 0.006072575692087412, 0.0547030083835125, 0.001102228183299303, 0.04865945503115654, 0.887222945690155, 9.194995072903112e-05]"
1931,5,5,"[0.025795159861445427, 0.034665629267692566, 0.17190919816493988, 0.007966045290231705, 0.2098674476146698, 0.5496379733085632, 0.00015852028445806354]"
1932,2,2,"[0.004741921089589596, 0.03563595935702324, 0.44927772879600525, 0.00695683341473341, 0.22801323235034943, 0.2740424871444702, 0.0013317606644704938]"
1933,5,5,"[0.0003002943121828139, 0.0014082466950640082, 0.012960745021700859, 0.00024250832211691886, 0.07839479297399521, 0.905644953250885, 0.0010484495433047414]"
1934,1,4,"[0.0056627606973052025, 0.012357725761830807, 0.17569787800312042, 0.002903594868257642, 0.6561223864555359, 0.1438140869140625, 0.00344159291125834]"
1935,4,2,"[0.006341802887618542, 0.01878349296748638, 0.5271440744400024, 0.006852224003523588, 0.20396000146865845, 0.2367914915084839, 0.00012686355330515653]"
1936,5,5,"[0.00311379530467093, 0.005354189779609442, 0.19980694353580475, 0.006983781699091196, 0.02363651804625988, 0.7610784769058228, 2.6291430913261138e-05]"
1937,5,5,"[1.5949564840411767e-05, 7.897937757661566e-05, 0.0014752040151506662, 0.00018505481421016157, 0.000355832016794011, 0.9978105425834656, 7.843414641683921e-05]"
1938,5,5,"[0.007375880144536495, 0.059575434774160385, 0.06362464278936386, 0.006113492418080568, 0.08799086511135101, 0.7713354229927063, 0.003984270617365837]"
1939,5,5,"[0.0002068246394628659, 0.0005549243069253862, 0.012683273293077946, 0.00013273068179842085, 0.07049811631441116, 0.91566401720047, 0.00026009720750153065]"
1940,1,2,"[0.04119602218270302, 0.09818135201931, 0.39646005630493164, 0.022331641986966133, 0.08713121712207794, 0.3545030355453491, 0.00019661422993522137]"
1941,5,5,"[0.03546847775578499, 0.16451075673103333, 0.22679726779460907, 0.02267462946474552, 0.052919741719961166, 0.49719732999801636, 0.000431830994784832]"
1942,5,5,"[3.844463935820386e-05, 0.00018349500896874815, 0.0019138908246532083, 0.00036173287662677467, 0.00022369888029061258, 0.9972370862960815, 4.149615779169835e-05]"
1943,2,5,"[0.00023843302915338427, 0.0014788218541070819, 0.1044006273150444, 0.0004270193458069116, 0.07315658032894135, 0.8202337622642517, 6.477515853475779e-05]"
1944,4,5,"[0.00047039843047969043, 0.005055834539234638, 0.06786094605922699, 0.0007616524235345423, 0.08526187390089035, 0.8397364020347595, 0.000852800440043211]"
1945,5,5,"[1.6607364159426652e-05, 0.00015486935444641858, 0.0044379155151546, 0.00036398397060111165, 0.0005988235352560878, 0.9942758679389954, 0.00015190143312793225]"
1946,5,5,"[6.431020301533863e-05, 0.00022289295156951994, 0.0036462158896028996, 0.00040556673775427043, 0.00035427938564680517, 0.9952888488769531, 1.781048922566697e-05]"
1947,5,5,"[0.002607472939416766, 0.009839721955358982, 0.2510130703449249, 0.0038845862727612257, 0.1348414421081543, 0.5977542996406555, 5.944944132352248e-05]"
1948,5,5,"[0.011769712902605534, 0.027258669957518578, 0.23015379905700684, 0.007060804404318333, 0.14593406021595, 0.5777344107627869, 8.855100168148056e-05]"
1949,5,5,"[0.0021464203018695116, 0.0053758779540658, 0.13710054755210876, 0.0011328047839924693, 0.2539185881614685, 0.6001373529434204, 0.00018842036661226302]"
1950,4,0,"[0.4250085949897766, 0.28155556321144104, 0.18647295236587524, 0.08209868520498276, 0.009422359988093376, 0.01400824449956417, 0.001433633267879486]"
1951,5,5,"[1.7854901670943946e-05, 0.00015350848843809217, 0.0019143534591421485, 0.0004504088428802788, 0.0003058257279917598, 0.9969726800918579, 0.00018529201042838395]"
1952,5,2,"[0.012837566435337067, 0.11183685064315796, 0.49097251892089844, 0.026583204045891762, 0.15329879522323608, 0.20099736750125885, 0.0034736974630504847]"
1953,5,5,"[0.0024310655426234007, 0.0272513497620821, 0.04538721963763237, 0.002703004516661167, 0.017085257917642593, 0.9034546613693237, 0.001687469077296555]"
1954,5,5,"[0.0006439560675062239, 0.0014534496003761888, 0.1594119518995285, 0.0008653558325022459, 0.17766332626342773, 0.6599098443984985, 5.212739415583201e-05]"
1955,5,5,"[0.003642019582912326, 0.009251170791685581, 0.08509322255849838, 0.0014782364014536142, 0.09929635375738144, 0.8011025786399841, 0.00013639252574648708]"
1956,4,5,"[0.0004233854706399143, 0.0010481439530849457, 0.03466153144836426, 0.00032594037475064397, 0.14017342031002045, 0.8232333660125732, 0.00013426238729152828]"
1957,5,2,"[0.11431355029344559, 0.14397287368774414, 0.5520485043525696, 0.06690127402544022, 0.012148366309702396, 0.11055365204811096, 6.169873813632876e-05]"
1958,5,5,"[0.00038098476943559945, 0.0018523525213822722, 0.0013786135241389275, 0.005024165380746126, 0.0003064891789108515, 0.9739988446235657, 0.01705862767994404]"
1959,4,5,"[0.00029167812317609787, 0.003172899130731821, 0.025775497779250145, 0.005536279175430536, 0.016285615041851997, 0.9383828639984131, 0.010555222630500793]"
1960,5,5,"[4.698356133303605e-05, 0.0002852713514585048, 0.0012256745249032974, 0.0006815974484197795, 0.00028303085127845407, 0.9968233108520508, 0.0006540531758219004]"
1961,5,5,"[0.013508819974958897, 0.08322606235742569, 0.09560540318489075, 0.013650253415107727, 0.2769458293914795, 0.5067124366760254, 0.010351167991757393]"
1962,6,6,"[0.0008317293832078576, 0.00713324174284935, 0.0027892300859093666, 0.0010499029885977507, 0.023506250232458115, 0.2856485843658447, 0.6790410876274109]"
1963,1,1,"[0.20450058579444885, 0.32378652691841125, 0.2758859694004059, 0.09988481551408768, 0.032272353768348694, 0.062319040298461914, 0.0013507046969607472]"
1964,5,2,"[0.09539966285228729, 0.05292077735066414, 0.41116055846214294, 0.017694776877760887, 0.26524844765663147, 0.1574852615594864, 9.04882253962569e-05]"
1965,5,5,"[0.0012058079009875655, 0.0016260462580248713, 0.06470497697591782, 0.0014690461102873087, 0.020310668274760246, 0.9106661081314087, 1.742306449159514e-05]"
1966,4,4,"[0.001496423501521349, 0.002943494124338031, 0.07275045663118362, 0.0008426860440522432, 0.4654404819011688, 0.4559687376022339, 0.0005576596595346928]"
1967,5,5,"[3.762941196328029e-05, 0.00019571982556954026, 0.0024057654663920403, 0.0005034767091274261, 0.0002719716867431998, 0.9965266585350037, 5.877987860003486e-05]"
1968,1,1,"[0.14408321678638458, 0.6990187168121338, 0.048685044050216675, 0.06786686182022095, 0.003243379993364215, 0.02847118116915226, 0.00863147433847189]"
1969,5,5,"[1.6613357729511335e-05, 0.00013863047934137285, 0.0010799276642501354, 0.00016704652807675302, 0.00022929286933504045, 0.9982742071151733, 9.422651783097535e-05]"
1970,0,2,"[0.22214806079864502, 0.14167621731758118, 0.310526043176651, 0.039287690073251724, 0.1770806461572647, 0.10906961560249329, 0.00021168633247725666]"
1971,5,5,"[0.0017197870183736086, 0.009862791746854782, 0.030700623989105225, 0.001614623237401247, 0.12126880139112473, 0.8328511118888855, 0.001982164103537798]"
1972,5,5,"[1.7442744137952104e-05, 0.0001353957486571744, 0.0014689447125419974, 0.0002895588695537299, 0.0006991528207436204, 0.996455729007721, 0.0009337194496765733]"
1973,5,6,"[0.005703724455088377, 0.07751138508319855, 0.008297434076666832, 0.028079932555556297, 0.005492308642715216, 0.16201111674308777, 0.7129040956497192]"
1974,5,5,"[0.04920893535017967, 0.17541636526584625, 0.21221253275871277, 0.07523160427808762, 0.08138709515333176, 0.3944685757160187, 0.012074914760887623]"
1975,5,5,"[0.0024709105491638184, 0.029708007350564003, 0.3518386781215668, 0.008238930255174637, 0.01503063179552555, 0.5925965905189514, 0.00011628197535173967]"
1976,5,5,"[2.357214907533489e-05, 0.0001089553625206463, 0.0018988727824762464, 0.0002706900122575462, 0.00029272367828525603, 0.9973602890968323, 4.490090213948861e-05]"
1977,5,4,"[0.0008651614771224558, 0.0015364104183390737, 0.03377443179488182, 0.00033503942540846765, 0.719829261302948, 0.2383696287870407, 0.005290038883686066]"
1978,4,2,"[0.19233018159866333, 0.15574556589126587, 0.3146989047527313, 0.04842870309948921, 0.16563425958156586, 0.12284695357084274, 0.0003153932048007846]"
1979,5,5,"[0.0012166263768449426, 0.0097578726708889, 0.10383184999227524, 0.002657643985003233, 0.02627352997660637, 0.8561432361602783, 0.00011917254596482962]"
1980,5,5,"[0.03257225453853607, 0.021365944296121597, 0.3095114231109619, 0.010694383643567562, 0.2130402773618698, 0.41277027130126953, 4.548568540485576e-05]"
1981,5,5,"[0.0006061465828679502, 0.0018669810378924012, 0.04575742781162262, 0.0006217533955350518, 0.051293935626745224, 0.8996146321296692, 0.00023900704400148243]"
1982,4,2,"[0.06224552541971207, 0.16757357120513916, 0.5124130845069885, 0.05842188000679016, 0.1078936830163002, 0.09101429581642151, 0.0004379635793156922]"
1983,4,5,"[0.0009025198523886502, 0.0017635482363402843, 0.011954958550632, 0.00028885333449579775, 0.15148425102233887, 0.828975260257721, 0.0046305893920362]"
1984,6,6,"[0.015873828902840614, 0.29635295271873474, 0.007596821524202824, 0.03044884279370308, 0.010233566164970398, 0.05603247135877609, 0.5834615230560303]"
1985,5,5,"[3.319653114886023e-05, 0.00018530005763750523, 0.0016317450208589435, 0.0004019027983304113, 0.00016492421855218709, 0.9974306225776672, 0.0001523233950138092]"
1986,5,5,"[1.5079662261996418e-05, 8.121694554574788e-05, 0.0026377933099865913, 0.0001432848657714203, 0.0006065883208066225, 0.99648118019104, 3.480039595160633e-05]"
1987,4,4,"[0.006438273936510086, 0.03287492319941521, 0.23188762366771698, 0.005932952277362347, 0.5578890442848206, 0.15775449573993683, 0.00722265150398016]"
1988,4,4,"[0.0014585518511012197, 0.0033714445307850838, 0.1306956559419632, 0.0010404086206108332, 0.44701889157295227, 0.41615772247314453, 0.0002573361562099308]"
1989,4,5,"[0.00026310450630262494, 0.0011566015891730785, 0.09252145141363144, 0.0005277194431982934, 0.26512446999549866, 0.6396068930625916, 0.0007997723878361285]"
1990,2,0,"[0.38927480578422546, 0.1961594671010971, 0.14622026681900024, 0.0874064490199089, 0.14114922285079956, 0.037649307399988174, 0.002140517346560955]"
1991,5,5,"[0.0016400378663092852, 0.0022461137268692255, 0.034796737134456635, 0.00040500107570551336, 0.13918887078762054, 0.8215339779853821, 0.000189324448001571]"
1992,1,1,"[0.1625070720911026, 0.6312668919563293, 0.037862397730350494, 0.14473341405391693, 0.0012654478196054697, 0.016142871230840683, 0.006221839226782322]"
1993,5,5,"[2.24308023462072e-05, 0.00011975072993664071, 0.0013019947800785303, 0.0002852373872883618, 0.0002477041562087834, 0.9979314804077148, 9.130394755629823e-05]"
1994,5,5,"[0.00037449682713486254, 0.0006168626132421196, 0.020473090931773186, 0.00016732400399632752, 0.3902014493942261, 0.5845902562141418, 0.0035765506327152252]"
1995,4,5,"[0.010929280892014503, 0.022730695083737373, 0.0661339983344078, 0.0031342164147645235, 0.33519601821899414, 0.5594788789749146, 0.002396925585344434]"
1996,5,5,"[0.0012831742642447352, 0.0030833061318844557, 0.006411354057490826, 0.00963052362203598, 0.00018489747890271246, 0.9791954755783081, 0.00021133178961463273]"
1997,5,5,"[0.0002256461011711508, 0.00042581636807881296, 0.016903070732951164, 0.001190399401821196, 0.0018132436089217663, 0.9794355630874634, 6.2656577028974425e-06]"
1998,5,5,"[0.0018538458971306682, 0.0028495024889707565, 0.03737908601760864, 0.004965972155332565, 0.0024170672986656427, 0.9505260586738586, 8.393654752580915e-06]"
1999,5,5,"[0.0001286720798816532, 0.00022736904793418944, 0.00553718488663435, 0.0001899643539218232, 0.0036870953626930714, 0.9902129769325256, 1.6825295460876077e-05]"
2000,2,4,"[0.003295507514849305, 0.013466600328683853, 0.3580029606819153, 0.00285152904689312, 0.3943503201007843, 0.22712279856204987, 0.0009102681651711464]"
2001,5,5,"[0.0035873400047421455, 0.0467635914683342, 0.23398855328559875, 0.007090362720191479, 0.10987406969070435, 0.5964187979698181, 0.0022773246746510267]"
2002,5,5,"[2.677820884855464e-05, 0.00013545792899094522, 0.0023168178740888834, 0.0004098730569239706, 0.00023198853887151927, 0.9968355298042297, 4.3634569010464475e-05]"
2003,5,5,"[2.1975909476168454e-05, 0.0001270724314963445, 0.001500683487392962, 0.00030063255690038204, 0.000248984171776101, 0.9977092742919922, 9.133639105129987e-05]"
2004,5,5,"[0.0016058390028774738, 0.013245065696537495, 0.17606209218502045, 0.002846033778041601, 0.022604167461395264, 0.7835843563079834, 5.248172965366393e-05]"
